0.000000000000000000e+00
0.000000000000000000e+00
3.603672561764816715e-15
2.265029219679693866e-15
1.152802324188534968e-15
5.036159284676106043e-16
1.995163076977316689e-16
8.226965940978759831e-17
4.282305108904986594e-17
2.800181248792926258e-17
1.957848561843834796e-17
1.388870488637399878e-17
1.056686917827139583e-17
9.004339747745895604e-18
8.363147861114641505e-18
8.125161888683272765e-18
8.156914523095477595e-18
8.465151802256262085e-18
9.021240812096903256e-18
9.742451235200998577e-18
1.054748026813288420e-17
1.140379231981009989e-17
1.229260855381322216e-17
1.320140994002172925e-17
1.412026566853271928e-17
1.504333800401483424e-17
1.596842436859355037e-17
1.690376973965011245e-17
1.785769260528006517e-17
1.882835794118041661e-17
1.981139234494855148e-17
2.080320215153810544e-17
2.180331264532774871e-17
2.281202884805241479e-17
2.382917861179984346e-17
2.485268111006899974e-17
2.587997834671167034e-17
2.690876188139399843e-17
2.793772149703957136e-17
2.896579653238634218e-17
2.999192632617227934e-17
3.101515631731310026e-17
3.203495634543564771e-17
3.305090235034453191e-17
3.406257027184436309e-17
3.506946017037570770e-17
3.607076858892293257e-17
3.706561619110637306e-17
3.805312364054633375e-17
3.903241160086315617e-17
4.000260947672153210e-17
4.096288163696370212e-17
4.191240119147628170e-17
4.285034125014589865e-17
4.377587492285915611e-17
4.468825985703390381e-17
4.558709185021284848e-17
4.647205123746990643e-17
4.734281835387900634e-17
4.819907353451407069e-17
4.904049711444902814e-17
4.986668420356581075e-17
5.067688901097841344e-17
5.147028052060882840e-17
5.224602771637906010e-17
5.300329958221111921e-17
5.374126510202700406e-17
5.445909325974870682e-17
5.515607384554607217e-17
5.583197987458028707e-17
5.648670516826037866e-17
5.712014354799535560e-17
5.773218883519425737e-17
5.832273485126609878e-17
5.889167541761990699e-17
5.943890435566470913e-17
5.996428729578821520e-17
6.046757710429291582e-17
6.094849845645997213e-17
6.140677602757060690e-17
6.184213449290595662e-17
6.225429852774724406e-17
6.264299280737563035e-17
6.300794200707228897e-17
6.334891598328147545e-17
6.366586531709967501e-17
6.395878577078643031e-17
6.422767310660130864e-17
6.447252308680385265e-17
6.469333147365359266e-17
6.489009402941013295e-17
6.506280651633296686e-17
6.521146469668167401e-17
6.533608878431535753e-17
6.543679679949141173e-17
6.551373121406674212e-17
6.556703449989830347e-17
6.559684912884300128e-17
6.560331757275780268e-17
6.558658230349962547e-17
6.554678579292538747e-17
6.548407051289205581e-17
6.539857893525653597e-17
6.529045353187578274e-17
6.515986529202031533e-17
6.500709927461499684e-17
6.483246905599835338e-17
6.463628821250883712e-17
6.441887032048493718e-17
6.418052895626514271e-17
6.392157769618793051e-17
6.364233011659177741e-17
6.334309979381516020e-17
6.302420030419658036e-17
6.268594522407449004e-17
6.232864812978741535e-17
6.195264510166213723e-17
6.155836223597880102e-17
6.114624813300588083e-17
6.071675139301186308e-17
6.027032061626523422e-17
5.980740440303443138e-17
5.932845135358795332e-17
5.883391006819428648e-17
5.832422914712190495e-17
5.779985719063924589e-17
5.726124279901483270e-17
5.670883457251711483e-17
5.614308111141457873e-17
5.556444570001707080e-17
5.497345035879998214e-17
5.437063179228005148e-17
5.375652670497404220e-17
5.313167180139869922e-17
5.249660378607079824e-17
5.185185936350707801e-17
5.119797523822430191e-17
5.053548811473922717e-17
4.986493469756860486e-17
4.918685169122920451e-17
4.850177580023775872e-17
4.781024372911102471e-17
4.711279218236578435e-17
4.640995786451877022e-17
4.570228112387379169e-17
4.499031688388277424e-17
4.427462371178475096e-17
4.355576017481867484e-17
4.283428484022357279e-17
4.211075627523841629e-17
4.138573304710221377e-17
4.065977372305393053e-17
3.993343687033259350e-17
3.920728105617718032e-17
3.848186484782666243e-17
3.775774681252007294e-17
3.703548551749637099e-17
3.631563952999456500e-17
3.559876741725365111e-17
3.488542774651260076e-17
3.417617908501043474e-17
3.347156780364303908e-17
3.277209148793391505e-17
3.207823552706350931e-17
3.139048531021223771e-17
3.070932622656051610e-17
3.003524366528877264e-17
2.936872301557742936e-17
2.871024966660690826e-17
2.806030900755763751e-17
2.741938642761002988e-17
2.678796731594450430e-17
2.616653706174150435e-17
2.555558105418143663e-17
2.495558468244472624e-17
2.436703333571179827e-17
2.379041240316307164e-17
2.322620727397897454e-17
2.267490333733992896e-17
2.213698598242635384e-17
2.161291184996164516e-17
2.110302258684108860e-17
2.060763109150294071e-17
2.012705026238545497e-17
1.966159299792688796e-17
1.921157219656550238e-17
1.877730075673954865e-17
1.835909157688728332e-17
1.795725755544696295e-17
1.757211159085684720e-17
1.720396658155519261e-17
1.685313542598024960e-17
1.651993102257028396e-17
1.620466626976354301e-17
1.590765406599828332e-17
1.562920730971276761e-17
1.536963889934525244e-17
1.512926173333398821e-17
1.490838871011723148e-17
1.470733272813324498e-17
1.452640668582028219e-17
1.436588211890130442e-17
1.422586511223810430e-17
1.410642038797716997e-17
1.400761266826500499e-17
1.392950667524810057e-17
1.387216713107295718e-17
1.383565875788606450e-17
1.382004627783392146e-17
1.382539441306302697e-17
1.385176788571986764e-17
1.389923141795094702e-17
1.396784973190275633e-17
1.405768754972179295e-17
1.416880959355455735e-17
1.430128058554753766e-17
1.445516524784723128e-17
1.463052830260013559e-17
1.482743447195275105e-17
1.504594847805156272e-17
1.528613504304307106e-17
1.554805888907377347e-17
1.583178473829016733e-17
1.613737731283874077e-17
1.646485553377787945e-17
1.681405511781350056e-17
1.718476598056339104e-17
1.757677803764535635e-17
1.798988120467719577e-17
1.842386539727670243e-17
1.887852053106168177e-17
1.935363652164992383e-17
1.984900328465923099e-17
2.036441073570739944e-17
2.089964879041223155e-17
2.145450736439151429e-17
2.202877637326306234e-17
2.262224573264465650e-17
2.323470535815410838e-17
2.386594516540920803e-17
2.451575507002776089e-17
2.518392498762755084e-17
2.587024483382639258e-17
2.657450452424207306e-17
2.729649397449239773e-17
2.803600310019515663e-17
2.879282181696815521e-17
2.956674004042918352e-17
3.035754768619605315e-17
3.116503466988654492e-17
3.198895506872052095e-17
3.282891960632605163e-17
3.368450316793325784e-17
3.455528063877227283e-17
3.544082690407321133e-17
3.634071684906620657e-17
3.725452535898136095e-17
3.818182731904883237e-17
3.912219761449872938e-17
4.007521113056116675e-17
4.104044275246628384e-17
4.201746736544419540e-17
4.300585985472503467e-17
4.400519510553892253e-17
4.501504800311597990e-17
4.603499343268633383e-17
4.706460627948011755e-17
4.810346142872744581e-17
4.915113376565843333e-17
5.020719817550323184e-17
5.127122954349194375e-17
5.234280275485469612e-17
5.342149269482162219e-17
5.450687424862284284e-17
5.559852230148847899e-17
5.669601173864867618e-17
5.779891744533352451e-17
5.890681430677315719e-17
6.001927720819771979e-17
6.113587270351743324e-17
6.225613402136293099e-17
6.337958605904497117e-17
6.450575371387432423e-17
6.563416188316172366e-17
6.676433546421792758e-17
6.789579935435368180e-17
6.902807845087976911e-17
7.016069765110692299e-17
7.129318185234588924e-17
7.242505595190741366e-17
7.355584484710226673e-17
7.468507343524120656e-17
7.581226661363496664e-17
7.693694927959431742e-17
7.805864633043000472e-17
7.917688266345276201e-17
8.029118317597337207e-17
8.140107276530259305e-17
8.250607632875114608e-17
8.360571876362978931e-17
8.469952496724930551e-17
8.578701983692042818e-17
8.686772826995389078e-17
8.794117516366047610e-17
8.900688541535091762e-17
9.006438392233601046e-17
9.111319558192642646e-17
9.215284529143299770e-17
9.318285794816644535e-17
9.420275844943750289e-17
9.521207169255696541e-17
9.621032257483555408e-17
9.719706728734790437e-17
9.817198719622412408e-17
9.913479496135821068e-17
1.000852032426441247e-16
1.010229246999759005e-16
1.019476719932474370e-16
1.028591577823527933e-16
1.037570947271859299e-16
1.046411954876408320e-16
1.055111727236114599e-16
1.063667390949918359e-16
1.072076072616759205e-16
1.080334898835577233e-16
1.088440996205311927e-16
1.096391491324903384e-16
1.104183510793291332e-16
1.111814181209415869e-16
1.119280629172216354e-16
1.126579981280633007e-16
1.133709364133605558e-16
1.140665904330073733e-16
1.147446728468977755e-16
1.154048963149257351e-16
1.160469734969851757e-16
1.166706170529701441e-16
1.172755396427746130e-16
1.178614539262925552e-16
1.184280725634179683e-16
1.189751082140448251e-16
1.195022735380671477e-16
1.200092811953788596e-16
1.204958438458739829e-16
1.209616741494464904e-16
1.214064847659903797e-16
1.218299883553995988e-16
1.222318975775681699e-16
1.226119250923900659e-16
1.229698416272769024e-16
1.233056501797109405e-16
1.236194118146920349e-16
1.239111875972199911e-16
1.241810385922947377e-16
1.244290258649161294e-16
1.246552104800839963e-16
1.248596535027982423e-16
1.250424159980587468e-16
1.252035590308653399e-16
1.253431436662179256e-16
1.254612309691163092e-16
1.255578820045603948e-16
1.256331578375500864e-16
1.256871195330851647e-16
1.257198281561655584e-16
1.257313447717911222e-16
1.257217304449617108e-16
1.256910462406772036e-16
1.256393532239374305e-16
1.255667124597422956e-16
1.254731850130916783e-16
1.253588319489853839e-16
1.252237143324233658e-16
1.250678932284054047e-16
1.248914297019314046e-16
1.246943848180012449e-16
1.244768196416147310e-16
1.242387952377718408e-16
1.239803726714723304e-16
1.237016130077161038e-16
1.234025773115030651e-16
1.230833266478329950e-16
1.227439220817058467e-16
1.223844246781214504e-16
1.220048955020796608e-16
1.216053956185803325e-16
1.211859860926234188e-16
1.207467279892086513e-16
1.202877297081839997e-16
1.198092889887891063e-16
1.193117509051118763e-16
1.187954605312399435e-16
1.182607629412610654e-16
1.177080032092630240e-16
1.171375264093335517e-16
1.165496776155604307e-16
1.159448019020313689e-16
1.153232443428341236e-16
1.146853500120564521e-16
1.140314639837861117e-16
1.133619313321108350e-16
1.126770971311183547e-16
1.119773064548964775e-16
1.112629043775328866e-16
1.105342359731153639e-16
1.097916463157316423e-16
1.090354804794695035e-16
1.082660835384166556e-16
1.074838005666609052e-16
1.066889766382899234e-16
1.058819568273915290e-16
1.050630862080534300e-16
1.042327098543633714e-16
1.033911728404091352e-16
1.025388202402784540e-16
1.016759971280590728e-16
1.008030485778387366e-16
9.992031966370519033e-17
9.902815545974621593e-17
9.812690104004953374e-17
9.721690147870287642e-17
9.629850184979405055e-17
9.537204722741073949e-17
9.443788268564073752e-17
9.349635329857176496e-17
9.254780414029160376e-17
9.159258028488796191e-17
9.063103350862115197e-17
8.966354239644157192e-17
8.869049223547223662e-17
8.771226831283602536e-17
8.672925591565592834e-17
8.574184033105489880e-17
8.475040684615590230e-17
8.375534074808189207e-17
8.275702732395580903e-17
8.175585186090061872e-17
8.075219964603928672e-17
7.974645596649475392e-17
7.873900610938998590e-17
7.773023536184792356e-17
7.672052901099156943e-17
7.571027234394381512e-17
7.469985064782765085e-17
7.368964920976604217e-17
7.268005331688190534e-17
7.167144825629824290e-17
7.066421931513798342e-17
6.965875178052409248e-17
6.865543093957952330e-17
6.765464207942722912e-17
6.665677048719018783e-17
6.566220144999131568e-17
6.467132025495360288e-17
6.368451218919999034e-17
6.270216253985343130e-17
6.172465659403687899e-17
6.075237963887332362e-17
5.978571696148566912e-17
5.882505384899690571e-17
5.787077558852998661e-17
5.692326746720785275e-17
5.598291477215348199e-17
5.505010279048980910e-17
5.412521680933979346e-17
5.320864211582641297e-17
5.230073355886756710e-17
5.140172423456108212e-17
5.051181680079971822e-17
4.963121391547624790e-17
4.876011823648346833e-17
4.789873242171412737e-17
4.704725912906101602e-17
4.620590101641691911e-17
4.537486074167459068e-17
4.455434096272682787e-17
4.374454433746639089e-17
4.294567352378605223e-17
4.215793117957860291e-17
4.138151996273680310e-17
4.061664253115344997e-17
3.986350154272128522e-17
3.912229965533311217e-17
3.839323952688170333e-17
3.767652381525981890e-17
3.697235517836024986e-17
3.628093627407576258e-17
3.560246976029914188e-17
3.493715829492314796e-17
3.428520453584056564e-17
3.364681114094417361e-17
3.302218076812674438e-17
3.241151607528105045e-17
3.181501972029987051e-17
3.123289436107598322e-17
3.066534265550216110e-17
3.011256726147117667e-17
2.957477083687580242e-17
2.905215603960882937e-17
2.854492552756300537e-17
2.805328195863113375e-17
2.757742799070598393e-17
2.711756628168032228e-17
2.667389948944692438e-17
2.624663027189857506e-17
2.583591580327327086e-17
2.544173132318993522e-17
2.506400658761273098e-17
2.470267135250578711e-17
2.435765537383326648e-17
2.402888840755931652e-17
2.371630020964808777e-17
2.341982053606374001e-17
2.313937914277040836e-17
2.287490578573225568e-17
2.262633022091342326e-17
2.239358220427806779e-17
2.217659149179033980e-17
2.197528783941438676e-17
2.178960100311436534e-17
2.161946073885441684e-17
2.146479680259869487e-17
2.132553895031135305e-17
2.120161693795654499e-17
2.109296052149841506e-17
2.099949945690111070e-17
2.092116350012879478e-17
2.085788240714560551e-17
2.080958593391569957e-17
2.077620383640322750e-17
2.075766587057233675e-17
2.075390179238718402e-17
2.076484135781191368e-17
2.079041432281067625e-17
2.083055044334763151e-17
2.088517947538691768e-17
2.095423117489269144e-17
2.103763529782910024e-17
2.113532160016030079e-17
2.124721983785043744e-17
2.137325976686366382e-17
2.151337114316413045e-17
2.166748372271599096e-17
2.183552726148338661e-17
2.201740003168301864e-17
2.221287437054173860e-17
2.242169113153895796e-17
2.264359116815406663e-17
2.287831533386646070e-17
2.312560448215555471e-17
2.338519946650073859e-17
2.365684114038141456e-17
2.394027035727698487e-17
2.423522797066684867e-17
2.454145483403041127e-17
2.485869180084706567e-17
2.518667972459621102e-17
2.552515945875724648e-17
2.587387185680958353e-17
2.623255777223261516e-17
2.660095805850573744e-17
2.697881356910835877e-17
2.736586515751987215e-17
2.776185367721968597e-17
2.816651998168719939e-17
2.857960492440179923e-17
2.900084935884290006e-17
2.942999413848989796e-17
2.986678011682219515e-17
3.031094814731917539e-17
3.076223908346027172e-17
3.122039377872485557e-17
3.168515308659234150e-17
3.215625786054211942e-17
3.263344895405359774e-17
3.311646722060617251e-17
3.360505351367925831e-17
3.409894868675222655e-17
3.459789359330449796e-17
3.510162908681547479e-17
3.560989602076454076e-17
3.612243524863112278e-17
3.663898762389459226e-17
3.715929239444429773e-17
3.768308238580934819e-17
3.821008881792876813e-17
3.874004291074158817e-17
3.927267588418684514e-17
3.980771895820358815e-17
4.034490335273082320e-17
4.088396028770761174e-17
4.142462098307297210e-17
4.196661665876595339e-17
4.250967853472557394e-17
4.305353783089088903e-17
4.359792576720090467e-17
4.414257356359467613e-17
4.468721244001124023e-17
4.523157361638962761e-17
4.577538831266886891e-17
4.631838774878799476e-17
4.686030314468604199e-17
4.740086572030205970e-17
4.793980669557507239e-17
4.847685729044410453e-17
4.901174872484821758e-17
4.954421221872642369e-17
5.007397899201775966e-17
5.060078026466126230e-17
5.112434725659596842e-17
5.164441118776092098e-17
5.216070327809513829e-17
5.267295474753766333e-17
5.318089681602753289e-17
5.368426070350377763e-17
5.418277762990544050e-17
5.467617881517154598e-17
5.516419547924113705e-17
5.564655884205323202e-17
5.612300012354688618e-17
5.659325054366112401e-17
5.705704132233498232e-17
5.751412786424145385e-17
5.796436231298936752e-17
5.840762099692147120e-17
5.884378024438058672e-17
5.927271638370946195e-17
5.969430574325089408e-17
6.010842465134764330e-17
6.051494943634251913e-17
6.091375642657826944e-17
6.130472195039767908e-17
6.168772233614354523e-17
6.206263391215862810e-17
6.242933300678572486e-17
6.278769594836757107e-17
6.313759906524700087e-17
6.347891868576676215e-17
6.381153113826963977e-17
6.413531275109843089e-17
6.445013985259588340e-17
6.475588877110479448e-17
6.505243583496793665e-17
6.533965737252808245e-17
6.561742971212802904e-17
6.588562918211054896e-17
6.614413211081842707e-17
6.639281482659441123e-17
6.663155365778131096e-17
6.686022493272188646e-17
6.707870497975894723e-17
6.728687012723524114e-17
6.748459670349355306e-17
6.767176103687668016e-17
6.784823945572737032e-17
6.801390828838842071e-17
6.816864386320262852e-17
6.831232250851272929e-17
6.844482055266154486e-17
6.856601432399182311e-17
6.867578015084636121e-17
6.877402610390322770e-17
6.886078722318169977e-17
6.893613029103631365e-17
6.900012208982165486e-17
6.905282940189228430e-17
6.909431900960276282e-17
6.912465769530763899e-17
6.914391224136149832e-17
6.915214943011888938e-17
6.914943604393438537e-17
6.913583886516253483e-17
6.911142467615791097e-17
6.907626025927508699e-17
6.903041239686861144e-17
6.897394787129304521e-17
6.890693346490293683e-17
6.882943596005289650e-17
6.874152213909743578e-17
6.864325878439115252e-17
6.853471267828859529e-17
6.841595060314432496e-17
6.828703934131290239e-17
6.814804567514890081e-17
6.799903638700689340e-17
6.784007825924141640e-17
6.767123807420705533e-17
6.749258261425834642e-17
6.730417866174987519e-17
6.710609299903620253e-17
6.689839240847187698e-17
6.668114367241148408e-17
6.645441357320956004e-17
6.621826889322069040e-17
6.597277641479943604e-17
6.571800292030033317e-17
6.545401519207796733e-17
6.518088001248691173e-17
6.489866416388171490e-17
6.460743442861693773e-17
6.430727747836200225e-17
6.399835954204572583e-17
6.368086673791182397e-17
6.335498518420395052e-17
6.302090099916580867e-17
6.267880030104108926e-17
6.232886920807344615e-17
6.197129383850660718e-17
6.160626031058421388e-17
6.123395474254998176e-17
6.085456325264758933e-17
6.046827195912070278e-17
6.007526698021304995e-17
5.967573443416827237e-17
5.926986043923007322e-17
5.885783111364214333e-17
5.843983257564814892e-17
5.801605094349180546e-17
5.758667233541676684e-17
5.715188286966673623e-17
5.671186866448539214e-17
5.626681583811643774e-17
5.581691050880352691e-17
5.536233879479036282e-17
5.490328681432063015e-17
5.443994068563800741e-17
5.397248652698618547e-17
5.350111045660885516e-17
5.302599859274968267e-17
5.254733705365237735e-17
5.206531195756059922e-17
5.158010942271805762e-17
5.109191556736842490e-17
5.060091650975537960e-17
5.010729836812261870e-17
4.961124726071382074e-17
4.911294930577268273e-17
4.861259062154287702e-17
4.811035732626808829e-17
4.760643443738238041e-17
4.710100256908124772e-17
4.659424123475060687e-17
4.608632994777632520e-17
4.557744822154428241e-17
4.506777556944037664e-17
4.455749150485048759e-17
4.404677554116050109e-17
4.353580719175629066e-17
4.302476597002376062e-17
4.251383138934879065e-17
4.200318296311726044e-17
4.149300020471504965e-17
4.098346262752805646e-17
4.047474974494216671e-17
3.996704107034324774e-17
3.946051611711719156e-17
3.895535439864989017e-17
3.845173542832723559e-17
3.794983871953509515e-17
3.744984378565936702e-17
3.695193014008592473e-17
3.645627729620065411e-17
3.596306476738945949e-17
3.547247206703820205e-17
3.498467870853277997e-17
3.449986420525907909e-17
3.401820807060297292e-17
3.353988981795035962e-17
3.306508896068710655e-17
3.259398501219912421e-17
3.212675748587227377e-17
3.166358589509245957e-17
3.120464975324554896e-17
3.075012857371744627e-17
3.030020186989401885e-17
2.985504915516115871e-17
2.941484994290475168e-17
2.897978374651068361e-17
2.855001241356159621e-17
2.812562712842719162e-17
2.770670140967391865e-17
2.729330877586823839e-17
2.688552274557659346e-17
2.648341683736545423e-17
2.608706456980126946e-17
2.569653946145050336e-17
2.531191503087959547e-17
2.493326479665501612e-17
2.456066227734321412e-17
2.419418099151064747e-17
2.383389445772376806e-17
2.347987619454903391e-17
2.313219972055290612e-17
2.279093855430182732e-17
2.245616621436226786e-17
2.212795621930067036e-17
2.180638208768349592e-17
2.149151733807720567e-17
2.118343548904825145e-17
2.088221005916308206e-17
2.058791456698816169e-17
2.030062253108993912e-17
2.002040747003488161e-17
1.974734290238943180e-17
1.948150234672004770e-17
1.922295932159319352e-17
1.897178734557531494e-17
1.872805993723287308e-17
1.849185061513232597e-17
1.826323289784012239e-17
1.804228030392272036e-17
1.782906635194657484e-17
1.762366456047814385e-17
1.742614844808388233e-17
1.723659153333024216e-17
1.705506733478368751e-17
1.688164937101066718e-17
1.671638979775936626e-17
1.655925531950489968e-17
1.641019127790410945e-17
1.626914301461383139e-17
1.613605587129090135e-17
1.601087518959216750e-17
1.589354631117447182e-17
1.578401457769465016e-17
1.568222533080953836e-17
1.558812391217599074e-17
1.550165566345083698e-17
1.542276592629092215e-17
1.535140004235308518e-17
1.528750335329416191e-17
1.523102120077100666e-17
1.518189892644044910e-17
1.514008187195932816e-17
1.510551537898448584e-17
1.507814478917276721e-17
1.505791544418101427e-17
1.504477268566605671e-17
1.503866185528475193e-17
1.503952829469392344e-17
1.504731734555042248e-17
1.506197434951108182e-17
1.508344464823274961e-17
1.511167358337226170e-17
1.514660649658646007e-17
1.518818872953218366e-17
1.523636562386627754e-17
1.529108252124558064e-17
1.535228476332693186e-17
1.541991769176717014e-17
1.549392664822313747e-17
1.557425697435167276e-17
1.566085401180962727e-17
1.575366310225382451e-17
1.585262958734111572e-17
1.595769880872833981e-17
1.606880367283386782e-17
1.618582734512221457e-17
1.630864055581941776e-17
1.643711403515151816e-17
1.657111851334456270e-17
1.671052472062458908e-17
1.685520338721763808e-17
1.700502524334975662e-17
1.715986101924698240e-17
1.731958144513536235e-17
1.748405725124093418e-17
1.765315916778974480e-17
1.782675792500783193e-17
1.800472425312123632e-17
1.818692888235600800e-17
1.837324254293817849e-17
1.856353596509379474e-17
1.875767987904890059e-17
1.895554501502953682e-17
1.915700210326174729e-17
1.936192187397156968e-17
1.957017505738505094e-17
1.978163238372822875e-17
1.999616458322714697e-17
2.021364238610784637e-17
2.043393652259637698e-17
2.065691772291876723e-17
2.088245671730106715e-17
2.111042423596932059e-17
2.134069100914956832e-17
2.157312776706784804e-17
2.180760523995020360e-17
2.204399415802268501e-17
2.228216525151132382e-17
2.252198925064216694e-17
2.276333688564125517e-17
2.300607888673463234e-17
2.325008598414833924e-17
2.349522890810841356e-17
2.374138009783080665e-17
2.398841882849105675e-17
2.423622608425461884e-17
2.448468284928693250e-17
2.473367010775344653e-17
2.498306884381960361e-17
2.523276004165085870e-17
2.548262468541266064e-17
2.573254375927044282e-17
2.598239824738965716e-17
2.623206913393575554e-17
2.648143740307418371e-17
2.673038403897038741e-17
2.697879002578980312e-17
2.722653634769789199e-17
2.747350398886009668e-17
2.771957393344185985e-17
2.796462716560863030e-17
2.820854466952585070e-17
2.845120742935897603e-17
2.869249642927345203e-17
2.893229265343471826e-17
2.917047708600823280e-17
2.940693071115942905e-17
2.964153451305375275e-17
2.987416947585666813e-17
3.010471658373360860e-17
3.033305682085001989e-17
3.055907117137136007e-17
3.078264061946306255e-17
3.100364614929057306e-17
3.122196874501934968e-17
3.143748939081483813e-17
3.165008907084248416e-17
3.185964876926772117e-17
3.206604947025601339e-17
3.226917215797279424e-17
3.246889781658352177e-17
3.266510743025363556e-17
3.285769423469989383e-17
3.304660047184429243e-17
3.323178063516015200e-17
3.341318921812075623e-17
3.359078071419943193e-17
3.376450961686948127e-17
3.393433041960421257e-17
3.410019761587693416e-17
3.426206569916095438e-17
3.441988916292958154e-17
3.457362250065611781e-17
3.472322020581387769e-17
3.486863677187616950e-17
3.500982669231628925e-17
3.514674446060755758e-17
3.527934457022327667e-17
3.540758151463676100e-17
3.553140978732131274e-17
3.565078388175023405e-17
3.576565829139685175e-17
3.587598750973445569e-17
3.598172603023636034e-17
3.608282834637587404e-17
3.617924895162629896e-17
3.627094233946094958e-17
3.635786300335313423e-17
3.643996543677614892e-17
3.651720413320332046e-17
3.658953358610794486e-17
3.665690828896333043e-17
3.671928273524278551e-17
3.677661141841961844e-17
3.682884883196714369e-17
3.687594946935865727e-17
3.691786782406747367e-17
3.695455838956690738e-17
3.698597565933025441e-17
3.701207412683082308e-17
3.703280828554192788e-17
3.704814665570124141e-17
3.705811386460389951e-17
3.706274856630941460e-17
3.706208941487728678e-17
3.705617506436702849e-17
3.704504416883813365e-17
3.702873538235010855e-17
3.700728735896248409e-17
3.698073875273473572e-17
3.694912821772638204e-17
3.691249440799692931e-17
3.687087597760587764e-17
3.682431158061273945e-17
3.677283987107702101e-17
3.671649950305822858e-17
3.665532913061585610e-17
3.658936740780941601e-17
3.651865298869842072e-17
3.644322452734237035e-17
3.636312067780077115e-17
3.627838009413313556e-17
3.618904143039896368e-17
3.609514334065774328e-17
3.599672447896901145e-17
3.589382349939225595e-17
3.578647905598698923e-17
3.567472980281271138e-17
3.555861439392893483e-17
3.543817148339516584e-17
3.531343972527089836e-17
3.518445777361564482e-17
3.505126428248892380e-17
3.491389790595021075e-17
3.477239729805904892e-17
3.462680111287491376e-17
3.447714800445732386e-17
3.432347662686578549e-17
3.416582563415981107e-17
3.400423368039888838e-17
3.383874720424575676e-17
3.366944378277599536e-17
3.349640877766844723e-17
3.331972755060189379e-17
3.313948546325517808e-17
3.295576787730710000e-17
3.276866015443647178e-17
3.257824765632211799e-17
3.238461574464284468e-17
3.218784978107746409e-17
3.198803512730480693e-17
3.178525714500366695e-17
3.157960119585287486e-17
3.137115264153123674e-17
3.115999684371757097e-17
3.094621916409069595e-17
3.072990496432941158e-17
3.051113960611254858e-17
3.029000845111890069e-17
3.006659686102731095e-17
2.984099019751657311e-17
2.961327382226550557e-17
2.938353309695293286e-17
2.915185338325765491e-17
2.891832004285850242e-17
2.868301843743426298e-17
2.844603392866377963e-17
2.820745187822585844e-17
2.796735764779931164e-17
2.772583659906294837e-17
2.748297409369559319e-17
2.723885549337605217e-17
2.699356615978314371e-17
2.674719145459568002e-17
2.649981673949248259e-17
2.625152737615236056e-17
2.600240872625412617e-17
2.575254615147660088e-17
2.550202501349859077e-17
2.525092925749021906e-17
2.499933716258679750e-17
2.474732559141496423e-17
2.449497140660132043e-17
2.424235147077250425e-17
2.398954264655513227e-17
2.373662179657582106e-17
2.348366578346120262e-17
2.323075146983788735e-17
2.297795571833250726e-17
2.272535539157168199e-17
2.247302735218202504e-17
2.222104846279017149e-17
2.196949558602272867e-17
2.171844558450633164e-17
2.146797532086760007e-17
2.121816165773314745e-17
2.096908145772960270e-17
2.072081158348358238e-17
2.047342889762172157e-17
2.022701026277062452e-17
1.998163254155692322e-17
1.973737259660723424e-17
1.949430729054818958e-17
1.925251348600639965e-17
1.901206804560849335e-17
1.877304783198108727e-17
1.853552970775080414e-17
1.829959053554427596e-17
1.806530717798811006e-17
1.783275649770893842e-17
1.760201535733337454e-17
1.737316061948805041e-17
1.714626914679957953e-17
1.692141780189458772e-17
1.669868344739969156e-17
1.647814294594152611e-17
1.625987316014669564e-17
1.604395095264183829e-17
1.583044520489137575e-17
1.561939287371099943e-17
1.541082293475419046e-17
1.520476436367444843e-17
1.500124613612526372e-17
1.480029722776013592e-17
1.460194661423254924e-17
1.440622327119600329e-17
1.421315617430398225e-17
1.402277429920998883e-17
1.383510662156751029e-17
1.365018211703003855e-17
1.346802976125107321e-17
1.328867852988409539e-17
1.311215739858261085e-17
1.293849534300010379e-17
1.276772133879007075e-17
1.259986436160600516e-17
1.243495338710139430e-17
1.227301739092973779e-17
1.211408534874452443e-17
1.195818623619925231e-17
1.180534902894740561e-17
1.165560270264248240e-17
1.150897623293797458e-17
1.136549859548737869e-17
1.122519876594418199e-17
1.108810571996187794e-17
1.095424843319396460e-17
1.082365588129392924e-17
1.069635703991526687e-17
1.057238088471146936e-17
1.045175639133603018e-17
1.033451253544244276e-17
1.022067829268420054e-17
1.011028263871479390e-17
1.000335454918771935e-17
9.899922999756465708e-18
9.800016966074527969e-18
9.703656557907438576e-18
9.610826421468890617e-18
9.521502337084620805e-18
9.435660085080356608e-18
9.353275445781834740e-18
9.274324199514791914e-18
9.198782126604958682e-18
9.126625007378067133e-18
9.057828622159853981e-18
8.992368751276051317e-18
8.930221175052391233e-18
8.871361673814608902e-18
8.815766027888439494e-18
8.763410017599613562e-18
8.714269423273867819e-18
8.668320025236931274e-18
8.625537603814542181e-18
8.585897939332432631e-18
8.549376812116334716e-18
8.515950002491983608e-18
8.485593290785111398e-18
8.458282457321454800e-18
8.433993282426744363e-18
8.412701546426712181e-18
8.394383029647096505e-18
8.379013512413627887e-18
8.366568775052041499e-18
8.357024597888067892e-18
8.350356761247445320e-18
8.346541045455902792e-18
8.345553230839177022e-18
8.347369097723000101e-18
8.351964426433104121e-18
8.359314997295228875e-18
8.369396590635098751e-18
8.382184986778453545e-18
8.397655966051026887e-18
8.415785308778550870e-18
8.436548795286757584e-18
8.459917389211587803e-18
8.485842787429789290e-18
8.514271870128324656e-18
8.545151517494147265e-18
8.578428609714213565e-18
8.614050026975481542e-18
8.651962649464907643e-18
8.692113357369449855e-18
8.734449030876058462e-18
8.778916550171699154e-18
8.825462795443322217e-18
8.874034646877888717e-18
8.924578984662353561e-18
8.977042688983668573e-18
9.031372640028799445e-18
9.087515717984694919e-18
9.145418803038317604e-18
9.205028775376622407e-18
9.266292515186562692e-18
9.329156902655097987e-18
9.393568817969183199e-18
9.459475141315779396e-18
9.526822752881839943e-18
9.595558532854321286e-18
9.665629361420179873e-18
9.736982118766373690e-18
9.809563685079860724e-18
9.883320940547591260e-18
9.958200765356530988e-18
1.003415003969363019e-17
1.011111564374584686e-17
1.018904445770014052e-17
1.026788336174346453e-17
1.034757923606277689e-17
1.042807896084503250e-17
1.050932941627719242e-17
1.059127748254620849e-17
1.067387003983903869e-17
1.075705396834264254e-17
1.084077709167204879e-17
1.092499100715458457e-17
1.100964825554565700e-17
1.109470137760066860e-17
1.118010291407502188e-17
1.126580540572411779e-17
1.135176139330336501e-17
1.143792341756816450e-17
1.152424401927391415e-17
1.161067573917602880e-17
1.169717111802990323e-17
1.178368269659094459e-17
1.187016301561455230e-17
1.195656461585613195e-17
1.204284003807109066e-17
1.212894182301482478e-17
1.221482251144274452e-17
1.230043464411024777e-17
1.238573076177274011e-17
1.247066340518562713e-17
1.255518511510430980e-17
1.263924843228419216e-17
1.272280589748067519e-17
1.280581005144916600e-17
1.288821343494506711e-17
1.296996858872377795e-17
1.305102805354070871e-17
1.313134437015125575e-17
1.321087007931083082e-17
1.328955772177482872e-17
1.336735983829865812e-17
1.344422896963771999e-17
1.352011765654741837e-17
1.359497843978315731e-17
1.366876386010034087e-17
1.374142645825436999e-17
1.381291877500064874e-17
1.388319335109458116e-17
1.395220272729157284e-17
1.401990438183663184e-17
1.408627554293319773e-17
1.415129837627433255e-17
1.421495504755307373e-17
1.427722772246248024e-17
1.433809856669559873e-17
1.439754974594547895e-17
1.445556342590517680e-17
1.451212177226773276e-17
1.456720695072620889e-17
1.462080112697364878e-17
1.467288646670310215e-17
1.472344513560762491e-17
1.477245929938026063e-17
1.481991112371406829e-17
1.486578277430208838e-17
1.491005641683737989e-17
1.495271421701298946e-17
1.499373834052196992e-17
1.503311095305736483e-17
1.507081422031223319e-17
1.510683030797962164e-17
1.514114138175257992e-17
1.517372960732416085e-17
1.520457715038741417e-17
1.523366617663538652e-17
1.526097885176113690e-17
1.528649734145770886e-17
1.531020381141815216e-17
1.533208042733551961e-17
1.535210935490286710e-17
1.537027275981323514e-17
1.538655280775967961e-17
1.540093166443525025e-17
1.541339149553299989e-17
1.542391446674597518e-17
1.543248274376722277e-17
1.543907849228980472e-17
1.544368387800676461e-17
1.544628648110287288e-17
1.544689553972977049e-17
1.544552570653083759e-17
1.544219163414942661e-17
1.543690797522890228e-17
1.542968938241263551e-17
1.542055050834399106e-17
1.540950600566633982e-17
1.539657052702303422e-17
1.538175872505745134e-17
1.536508525241295283e-17
1.534656476173290344e-17
1.532621190566066792e-17
1.530404133683961100e-17
1.528006770791310669e-17
1.525430567152450741e-17
1.522676988031718713e-17
1.519747498693450753e-17
1.516643564401983951e-17
1.513366650421654166e-17
1.509918222016798797e-17
1.506299744451753394e-17
1.502512682990855355e-17
1.498558502898440848e-17
1.494438669438846039e-17
1.490154647876408326e-17
1.485707903475463260e-17
1.481099901500348548e-17
1.476332107215400048e-17
1.471405985884953927e-17
1.466323002773347892e-17
1.461084623144917185e-17
1.455692312263999204e-17
1.450147535394930425e-17
1.444451757802047321e-17
1.438606444749685752e-17
1.432613061502183732e-17
1.426473073323876504e-17
1.420187945479101158e-17
1.413759432197140373e-17
1.407190443567063798e-17
1.400484178642886055e-17
1.393643836478622997e-17
1.386672616128289245e-17
1.379573716645901116e-17
1.372350337085473383e-17
1.365005676501021747e-17
1.357542933946560983e-17
1.349965308476107098e-17
1.342275999143675331e-17
1.334478205003280763e-17
1.326575125108939249e-17
1.318569958514665256e-17
1.310465904274475253e-17
1.302266161442383708e-17
1.293973929072406783e-17
1.285592406218559251e-17
1.277124791934856660e-17
1.268574285275314092e-17
1.259944085293947554e-17
1.251237391044771823e-17
1.242457401581802751e-17
1.233607315959055114e-17
1.224690333230544765e-17
1.215709652450286942e-17
1.206668472672297036e-17
1.197569992950590284e-17
1.188417412339182078e-17
1.179213929892087963e-17
1.169962744663322869e-17
1.160667055706902649e-17
1.151330062076842540e-17
1.141954962827157779e-17
1.132544957011864068e-17
1.123103243684976179e-17
1.113633021900509813e-17
1.104137490712480362e-17
1.094619849174903216e-17
1.085083235112258889e-17
1.075530541430889611e-17
1.065964599807602426e-17
1.056388241919204532e-17
1.046804299442503127e-17
1.037215604054305563e-17
1.027624987431419347e-17
1.018035281250651367e-17
1.008449317188808977e-17
9.988699269226995275e-18
9.892999421291303715e-18
9.797421944849082443e-18
9.701995156668408064e-18
9.606747373517352556e-18
9.511706912163987899e-18
9.416902089376387614e-18
9.322361221922620599e-18
9.228112626570764997e-18
9.134184620088888165e-18
9.040605519245069788e-18
8.947403640807372599e-18
8.854607301543874743e-18
8.762244818222649739e-18
8.670344507611768027e-18
8.578934686479301586e-18
8.488043671593323937e-18
8.397699779721907060e-18
8.307931327633124475e-18
8.218766632095046622e-18
8.130234009875747021e-18
8.042361777743300732e-18
7.955178252465776655e-18
7.868711750811248311e-18
7.782990589547787678e-18
7.698043085443469818e-18
7.613897555266365170e-18
7.530582315784545715e-18
7.448125683766084971e-18
7.366555975979056461e-18
7.285898506849072800e-18
7.206166581431932260e-18
7.127370502440967588e-18
7.049520572589516150e-18
6.972627094590915315e-18
6.896700371158502451e-18
6.821750705005612614e-18
6.747788398845584713e-18
6.674823755391751494e-18
6.602867077357454176e-18
6.531928667456026275e-18
6.462018828400805930e-18
6.393147862905129738e-18
6.325326073682334296e-18
6.258563763445757743e-18
6.192871234908733595e-18
6.128258790784600761e-18
6.064736733786695837e-18
6.002315366628355421e-18
5.941004992022916111e-18
5.880815912683715275e-18
5.821758431324087970e-18
5.763842850657372333e-18
5.707079473396904191e-18
5.651478602256020914e-18
5.597050539948058327e-18
5.543805589186354569e-18
5.491754052684245467e-18
5.440906233155068389e-18
5.391272433312159162e-18
5.342862955868855154e-18
5.295688103538492192e-18
5.249758179034407644e-18
5.205083485069938877e-18
5.161674324358420949e-18
5.119540999613191998e-18
5.078693813547589392e-18
5.039143068874947416e-18
5.000899068308604209e-18
4.963968856997455654e-18
4.928346449832635543e-18
4.894022604140835412e-18
4.860988077248748337e-18
4.829233626483065856e-18
4.798750009170481044e-18
4.769527982637687751e-18
4.741558304211376740e-18
4.714831731218240320e-18
4.689339020984970797e-18
4.665070930838262787e-18
4.642018218104807829e-18
4.620171640111298228e-18
4.599521954184424750e-18
4.580059917650882783e-18
4.561776287837361553e-18
4.544661822070556447e-18
4.528707277677159002e-18
4.513903411983861525e-18
4.500240982317356322e-18
4.487710746004336469e-18
4.476303460371493504e-18
4.466009882745520504e-18
4.456820770453110545e-18
4.448726880820955163e-18
4.441718971175746665e-18
4.435787798844177359e-18
4.430924121152941861e-18
4.427118695428730167e-18
4.424362278998236894e-18
4.422645629188152040e-18
4.421959503325170220e-18
4.422294658735982972e-18
4.423641852747282601e-18
4.425991842685762186e-18
4.429335385878114032e-18
4.433663239651029676e-18
4.438966161331202965e-18
4.445234908245326207e-18
4.452458508384513899e-18
4.460619072397574707e-18
4.469696981597740258e-18
4.479672617298239098e-18
4.490526360812302083e-18
4.502238593453161612e-18
4.514789696534047001e-18
4.528160051368190647e-18
4.542330039268821097e-18
4.557280041549172288e-18
4.572990439522471226e-18
4.589441614501951850e-18
4.606613947800841935e-18
4.624487820732374648e-18
4.643043614609779308e-18
4.662261710746286769e-18
4.682122490455128660e-18
4.702606335049536608e-18
4.723693625842738389e-18
4.745364744147967171e-18
4.767600071278452269e-18
4.790379988547425312e-18
4.813684877268116386e-18
4.837495118753757888e-18
4.861791094317578365e-18
4.886553185272810214e-18
4.911761772932682752e-18
4.937397238610426835e-18
4.963439963619274862e-18
4.989870329272455378e-18
5.016668716883200781e-18
5.043815507764742698e-18
5.071291083230308905e-18
5.099075824593131799e-18
5.127150113166443008e-18
5.155494330263471079e-18
5.184088857197448407e-18
5.212914075281606622e-18
5.241950365829173498e-18
5.271178484581988458e-18
5.300580684996311319e-18
5.330139594957012005e-18
5.359837842348957360e-18
5.389658055057014224e-18
5.419582860966051751e-18
5.449594887960937554e-18
5.479676763926540017e-18
5.509811116747725210e-18
5.539980574309363058e-18
5.570167764496319633e-18
5.600355315193464088e-18
5.630525854285664807e-18
5.660662009657786319e-18
5.690746409194700091e-18
5.720761680781272194e-18
5.750690452302371010e-18
5.780515351642864924e-18
5.810219006687620007e-18
5.839784045321505411e-18
5.869193095429391063e-18
5.898428784896139950e-18
5.927473741606622769e-18
5.956310593445708672e-18
5.984921968298262961e-18
6.013290494049154788e-18
6.041398798583251768e-18
6.069229509785421513e-18
6.096765255540531634e-18
6.123988663733451287e-18
6.150882362249046542e-18
6.177428978972186553e-18
6.203611141787738163e-18
6.229411478580570524e-18
6.254812617235549709e-18
6.279797185637546412e-18
6.304347811671425935e-18
6.328447123222055890e-18
6.352077748174306201e-18
6.375224105722917049e-18
6.397877780302127363e-18
6.420032147656048643e-18
6.441680583528793155e-18
6.462816463664473168e-18
6.483433163807201721e-18
6.503524059701088772e-18
6.523082527090248129e-18
6.542101941718788979e-18
6.560575679330827442e-18
6.578497115670472705e-18
6.595859626481837807e-18
6.612656587509035016e-18
6.628881374496175060e-18
6.644527363187372517e-18
6.659587929326737347e-18
6.674056448658381816e-18
6.687926296926419733e-18
6.701190849874960287e-18
6.713843483248118055e-18
6.725877572790004536e-18
6.737286494244731229e-18
6.748063623356409630e-18
6.758202335869152779e-18
6.767696007527072173e-18
6.776538014074280852e-18
6.784721731254889542e-18
6.792240534813011283e-18
6.799087800492757573e-18
6.805256904038241449e-18
6.810741221193573641e-18
6.815534127702866415e-18
6.819628999310233582e-18
6.823019211759785868e-18
6.825698140795634002e-18
6.827659162161891793e-18
6.828895651602670737e-18
6.829400984862083875e-18
6.829168537684241163e-18
6.828193646431688938e-18
6.826479489940699797e-18
6.824031207665982716e-18
6.820853939062242050e-18
6.816952823584185234e-18
6.812333000686516621e-18
6.806999609823945190e-18
6.800957790451177604e-18
6.794212682022917447e-18
6.786769423993873696e-18
6.778633155818753787e-18
6.769809016952260532e-18
6.760302146849104450e-18
6.750117684963988353e-18
6.739260770751621987e-18
6.727736543666709709e-18
6.715550143163958181e-18
6.702706708698074070e-18
6.689211379723765582e-18
6.675069295695736301e-18
6.660285596068695202e-18
6.644865420297347411e-18
6.628813907836398821e-18
6.612136198140557640e-18
6.594837430664528992e-18
6.576922744863021082e-18
6.558397280190737495e-18
6.539266176102387977e-18
6.519534572052676112e-18
6.499207607496310106e-18
6.478290421887996624e-18
6.456788154682441561e-18
6.434705945334350041e-18
6.412048933298431042e-18
6.388822258029390457e-18
6.365031058981933412e-18
6.340680475610766571e-18
6.315775647370598141e-18
6.290321713716133246e-18
6.264324862449178169e-18
6.237795474759938435e-18
6.210744980185720728e-18
6.183184808263827879e-18
6.155126388531565803e-18
6.126581150526241952e-18
6.097560523785159158e-18
6.068075937845623336e-18
6.038138822244939627e-18
6.007760606520414716e-18
5.976952720209352204e-18
5.945726592849057234e-18
5.914093653976836491e-18
5.882065333129993575e-18
5.849653059845835172e-18
5.816868263661664882e-18
5.783722374114790930e-18
5.750226820742514608e-18
5.716393033082144139e-18
5.682232440670983897e-18
5.647756473046339023e-18
5.612976559745513891e-18
5.577904130305816725e-18
5.542550614264549587e-18
5.506927441159019159e-18
5.471046040526531355e-18
5.434917841904389007e-18
5.398554274829900340e-18
5.361966768840368185e-18
5.325166753473099995e-18
5.288165658265398604e-18
5.250974912754571464e-18
5.213605946477922179e-18
5.176070188972757431e-18
5.138379069776380823e-18
5.100544018426098267e-18
5.062576464459217219e-18
5.024487837413039739e-18
4.986289566824872511e-18
4.947992904317973549e-18
4.909608389859405413e-18
4.871146385502188159e-18
4.832617253299337219e-18
4.794031355303871876e-18
4.755399053568806023e-18
4.716730710147158943e-18
4.678036687091948380e-18
4.639327346456190536e-18
4.600613050292901614e-18
4.561904160655100898e-18
4.523211039595803050e-18
4.484544049168028894e-18
4.445913551424791552e-18
4.407329908419111848e-18
4.368803482204003674e-18
4.330344634832486315e-18
4.291963728357576742e-18
4.253671124832290388e-18
4.215477186309646538e-18
4.177392274842661393e-18
4.139426752484353468e-18
4.101590981287738195e-18
4.063895323305832546e-18
4.026350140591655806e-18
3.988965795198223407e-18
3.951752649178553092e-18
3.914721064585661064e-18
3.877881403472566607e-18
3.841244027892285154e-18
3.804819299897835217e-18
3.768617581542232229e-18
3.732649234878493933e-18
3.696924621959638844e-18
3.661454104838681622e-18
3.626248045568643093e-18
3.591316806202536378e-18
3.556670748793382302e-18
3.522320235394195526e-18
3.488274612735941216e-18
3.454539166261372687e-18
3.421118166091191060e-18
3.388015882346095147e-18
3.355236585146787224e-18
3.322784544613966489e-18
3.290664030868333676e-18
3.258879314030590295e-18
3.227434664221435155e-18
3.196334351561570149e-18
3.165582646171694858e-18
3.135183818172510019e-18
3.105142137684716368e-18
3.075461874829013873e-18
3.046147299726103654e-18
3.017202682496685293e-18
2.988632293261459913e-18
2.960440402141128634e-18
2.932631279256390269e-18
2.905209194727946323e-18
2.878178418676497534e-18
2.851543221222743097e-18
2.825307872487384906e-18
2.799476642591123311e-18
2.774053801654657509e-18
2.749043619798689392e-18
2.724450367143918540e-18
2.700278313811045692e-18
2.676531729920771584e-18
2.653214885593796566e-18
2.630332050950820606e-18
2.607887496112544826e-18
2.585885491199669192e-18
2.564330306332894825e-18
2.543226211632921693e-18
2.522577477220449762e-18
2.502388373216181308e-18
2.482663169740814758e-18
2.463406136915051620e-18
2.444620389957988314e-18
2.426304424482306315e-18
2.408455581199082784e-18
2.391071200819395265e-18
2.374148624054321303e-18
2.357685191614938057e-18
2.341678244212323073e-18
2.326125122557555051e-18
2.311023167361708840e-18
2.296369719335863910e-18
2.282162119191097037e-18
2.268397707638486149e-18
2.255073825389108408e-18
2.242187813154040202e-18
2.229737011644360616e-18
2.217718761571146041e-18
2.206130403645474407e-18
2.194969278578423257e-18
2.184232727081069753e-18
2.173918089864491439e-18
2.164022707639765474e-18
2.154543921117969789e-18
2.145479071010181159e-18
2.136825498027477513e-18
2.128580542880936781e-18
2.120741546281635353e-18
2.113305848940651160e-18
2.106270791569062130e-18
2.099633714877944654e-18
2.093391959578377046e-18
2.087542866381436853e-18
2.082083775998200847e-18
2.077012029139746575e-18
2.072324966517151580e-18
2.068019928841493794e-18
2.064094256823849990e-18
2.060545291175297714e-18
2.057370372606915281e-18
2.054566841829778695e-18
2.052131395765475979e-18
2.050058156177633605e-18
2.048340601040386596e-18
2.046972208327870746e-18
2.045946456014222234e-18
2.045256822073577239e-18
2.044896784480071170e-18
2.044859821207839437e-18
2.045139410231018216e-18
2.045729029523743689e-18
2.046622157060150879e-18
2.047812270814376349e-18
2.049292848760555895e-18
2.051057368872824538e-18
2.053099309125319230e-18
2.055412147492174223e-18
2.057989361947526851e-18
2.060824430465512524e-18
2.063910831020266266e-18
2.067242041585925024e-18
2.070811540136623825e-18
2.074612804646498845e-18
2.078639313089685880e-18
2.082884543440320338e-18
2.087341973672538398e-18
2.092005081760475854e-18
2.096867345678268885e-18
2.101922243400052515e-18
2.107163252899962923e-18
2.112583852152135903e-18
2.118177519130707634e-18
2.123937731809813525e-18
2.129857968163588984e-18
2.135931706166170962e-18
2.142152423791694096e-18
2.148513599014294950e-18
2.155008709808108934e-18
2.161631234147272227e-18
2.168374650005920622e-18
2.175232502128517853e-18
2.182198602340837481e-18
2.189266829238984088e-18
2.196431061419059177e-18
2.203685177477166172e-18
2.211023056009406576e-18
2.218438575611884585e-18
2.225925614880702085e-18
2.233478052411961348e-18
2.241089766801765800e-18
2.248754636646217713e-18
2.256466540541420514e-18
2.264219357083476472e-18
2.272006964868487476e-18
2.279823242492556950e-18
2.287662068551787168e-18
2.295517321642281554e-18
2.303382880360142767e-18
2.311252623301472691e-18
2.319120429062374754e-18
2.326980176238950841e-18
2.334825743427304380e-18
2.342651009223538027e-18
2.350449852223754052e-18
2.358216151024055499e-18
2.365943784220544637e-18
2.373626630409324508e-18
2.381258568186497384e-18
2.388833476148167077e-18
2.396345232890435472e-18
2.403787717009404456e-18
2.411154807101177456e-18
2.418440381761857898e-18
2.425638319587547667e-18
2.432742499174349807e-18
2.439746799118366203e-18
2.446645098015700666e-18
2.453431274462454698e-18
2.460099207054732496e-18
2.466643345040052213e-18
2.473060420271602460e-18
2.479347735253987346e-18
2.485502592491812136e-18
2.491522294489680166e-18
2.497404143752197087e-18
2.503145442783967391e-18
2.508743494089595188e-18
2.514195600173685741e-18
2.519499063540843159e-18
2.524651186695671936e-18
2.529649272142776949e-18
2.534490622386762693e-18
2.539172539932233661e-18
2.543692327283795503e-18
2.548047286946051171e-18
2.552234721423606315e-18
2.556251933221065043e-18
2.560096224843031848e-18
2.563764898794112765e-18
2.567255257578909977e-18
2.570564603702030287e-18
2.573690239668076650e-18
2.576629467981654714e-18
2.579379591147368972e-18
2.581937911669823534e-18
2.584301732053623663e-18
2.586468354803373082e-18
2.588435082423677056e-18
2.590199217419140463e-18
2.591758062294366256e-18
2.593108919553961240e-18
2.594249091702528752e-18
2.595175881244673672e-18
2.595886590685000494e-18
2.596378522528113710e-18
2.596648979278618585e-18
2.596695263441118457e-18
2.596514677520219360e-18
2.596105179402358282e-18
2.595467348501310661e-18
2.594602419612682504e-18
2.593511627532081743e-18
2.592196207055115540e-18
2.590657392977391442e-18
2.588896420094517382e-18
2.586914523202100522e-18
2.584712937095748024e-18
2.582292896571067820e-18
2.579655636423667457e-18
2.576802391449153327e-18
2.573734396443134133e-18
2.570452886201217037e-18
2.566959095519008816e-18
2.563254259192117787e-18
2.559339612016150342e-18
2.555216388786715954e-18
2.550885824299419474e-18
2.546349153349870375e-18
2.541607610733675048e-18
2.536662431246441813e-18
2.531514849683776674e-18
2.526166100841288720e-18
2.520617419514584342e-18
2.514870040499271473e-18
2.508925198590957660e-18
2.502784128585249680e-18
2.496448065277756236e-18
2.489918243464083334e-18
2.483195897939839677e-18
2.476282263500631271e-18
2.469178574942067590e-18
2.461886067059753869e-18
2.454405974649299197e-18
2.446739532506310351e-18
2.438887975426395262e-18
2.430852538205161093e-18
2.422634455638214621e-18
2.414235343632772361e-18
2.405658342542480928e-18
2.396906973832596289e-18
2.387984758968374026e-18
2.378895219415068566e-18
2.369641876637935876e-18
2.360228252102231155e-18
2.350657867273210754e-18
2.340934243616128716e-18
2.331060902596241007e-18
2.321041365678802826e-18
2.310879154329070524e-18
2.300577790012297759e-18
2.290140794193740883e-18
2.279571688338656249e-18
2.268873993912297127e-18
2.258051232379920642e-18
2.247106925206781606e-18
2.236044593858135215e-18
2.224867759799237051e-18
2.213579944495342313e-18
2.202184669411706582e-18
2.190685456013585056e-18
2.179085825766234088e-18
2.167389300134907718e-18
2.155599400584861915e-18
2.143719648581352261e-18
2.131753565589633569e-18
2.119704673074961805e-18
2.107576492502592166e-18
2.095372545337779851e-18
2.083096353045780827e-18
2.070751437091849905e-18
2.058341318941242668e-18
2.045869520059213929e-18
2.033339561911020424e-18
2.020754965961916581e-18
2.008119253677157598e-18
1.995435946521999441e-18
1.982708546333826487e-18
1.969940476438539063e-18
1.957135140534168213e-18
1.944295942318743058e-18
1.931426285490293872e-18
1.918529573746850161e-18
1.905609210786442585e-18
1.892668600307101035e-18
1.879711146006855016e-18
1.866740251583734802e-18
1.853759320735769900e-18
1.840771757160991354e-18
1.827780964557427899e-18
1.814790346623110582e-18
1.801803307056068906e-18
1.788823249554331992e-18
1.775853577815931271e-18
1.762897695538895863e-18
1.749959006421256043e-18
1.737040914161041700e-18
1.724146822456282341e-18
1.711280135005008819e-18
1.698444255505250830e-18
1.685642587655037687e-18
1.672878535152400052e-18
1.660155501695367813e-18
1.647476890981970669e-18
1.634846106710238896e-18
1.622266552578202189e-18
1.609741632283890633e-18
1.597274749525334311e-18
1.584869308000563112e-18
1.572528711407606541e-18
1.560256363444495644e-18
1.548055667809259541e-18
1.535930028199928315e-18
1.523882848314532048e-18
1.511917531851100631e-18
1.500037482507664339e-18
1.488245794013322000e-18
1.476544320221450309e-18
1.464934605016494898e-18
1.453418192282901016e-18
1.441996625905114681e-18
1.430671449767581140e-18
1.419444207754746603e-18
1.408316443751056511e-18
1.397289701640956112e-18
1.386365525308891423e-18
1.375545458639308462e-18
1.364831045516651900e-18
1.354223829825367947e-18
1.343725355449902236e-18
1.333337166274700399e-18
1.323060806184208069e-18
1.312897819062870880e-18
1.302849748795134271e-18
1.292918139265444260e-18
1.283104534358246480e-18
1.273410477957985987e-18
1.263837513949109182e-18
1.254387186216061123e-18
1.245061038643287633e-18
1.235860615115234345e-18
1.226787459516347278e-18
1.217843115731071487e-18
1.209029127643852797e-18
1.200347039139137033e-18
1.191798394101369828e-18
1.183384736414996815e-18
1.175107609964463242e-18
1.166968558634214934e-18
1.158969126308698102e-18
1.151110856872357607e-18
1.143395294209639469e-18
1.135823982204989512e-18
1.128398464742852984e-18
1.121120285707675518e-18
1.113990621941613192e-18
1.107009182117661175e-18
1.100175307866525656e-18
1.093488340818912443e-18
1.086947622605526762e-18
1.080552494857074998e-18
1.074302299204262764e-18
1.068196377277795480e-18
1.062234070708378953e-18
1.056414721126719180e-18
1.050737670163521969e-18
1.045202259449492931e-18
1.039807830615337680e-18
1.034553725291761830e-18
1.029439285109471764e-18
1.024463851699172903e-18
1.019626766691570861e-18
1.014927371717371634e-18
1.010365008407280260e-18
1.005939018392003892e-18
1.001648743302246795e-18
9.974935247687159307e-19
9.934727044221163345e-19
9.895856238931538123e-19
9.858316248125345552e-19
9.822100488109637912e-19
9.787202375191473261e-19
9.753615325677913512e-19
9.721332755876012869e-19
9.690348082092829392e-19
9.660654720635421139e-19
9.632246087810846170e-19
9.605115599926160617e-19
9.579256673288420612e-19
9.554662724204688066e-19
9.531327168982017186e-19
9.509243423927464105e-19
9.488404905348092658e-19
9.468805029550955128e-19
9.450434992035115698e-19
9.433277105067655355e-19
9.417311460107668914e-19
9.402518148614241562e-19
9.388877262046460410e-19
9.376368891863416424e-19
9.364973129524198639e-19
9.354670066487896096e-19
9.345439794213595905e-19
9.337262404160390956e-19
9.330117987787364511e-19
9.323986636553609458e-19
9.318848441918212910e-19
9.314683495340261979e-19
9.311471888278851481e-19
9.309193712193062749e-19
9.307829058541988675e-19
9.307358018784722147e-19
9.307760684380342574e-19
9.309017146787946699e-19
9.311107497466617780e-19
9.314011827875450634e-19
9.317710229473528521e-19
9.322182793719944331e-19
9.327409612073785177e-19
9.333370775994138169e-19
9.340046376940096199e-19
9.347416506370744451e-19
9.355461255745173891e-19
9.364160716522471630e-19
9.373494980161728632e-19
9.383444138122032010e-19
9.393988281862472726e-19
9.405107502842135968e-19
9.416781892520114626e-19
9.428991542355493884e-19
9.441716543807364708e-19
9.454936988334816136e-19
9.468632967396937204e-19
9.482784572118442773e-19
9.497371892286564466e-19
9.512375017354155876e-19
9.527774036774080225e-19
9.543549039999185328e-19
9.559680116482338259e-19
9.576147355676388759e-19
9.592930847034198125e-19
9.610010680008619950e-19
9.627366944052513603e-19
9.644979728618734604e-19
9.662829123160144249e-19
9.680895217129594205e-19
9.699158099979943842e-19
9.717597861164048679e-19
9.736194590134768087e-19
9.754928376344957584e-19
9.773779309247476541e-19
9.792727478295178551e-19
9.811752972940922983e-19
9.830835882637565357e-19
9.849956296837966970e-19
9.869094304994977561e-19
9.888229996561460354e-19
9.907343460990268941e-19
9.926414787734262693e-19
9.945424066246299054e-19
9.964351385979231617e-19
9.983176836385917827e-19
1.000188050691921898e-18
1.002044248703198867e-18
1.003884286617708434e-18
1.005706173380736343e-18
1.007507917937568340e-18
1.009287529233490167e-18
1.011043016213787571e-18
1.012772387823745910e-18
1.014473653008651314e-18
1.016144820713789141e-18
1.017784066708074756e-18
1.019390234054941036e-18
1.020962332641451052e-18
1.022499372354666337e-18
1.024000363081649773e-18
1.025464314709464047e-18
1.026890237125171654e-18
1.028277140215834704e-18
1.029624033868515886e-18
1.030929927970277887e-18
1.032193832408183011e-18
1.033414757069293752e-18
1.034591711840672221e-18
1.035723706609381490e-18
1.036809751262483864e-18
1.037848855687041451e-18
1.038840029770117133e-18
1.039782283398773597e-18
1.040674626460072568e-18
1.041516068841077312e-18
1.042305620428849940e-18
1.043042291110452754e-18
1.043725090772948634e-18
1.044353029303400077e-18
1.044925116588868998e-18
1.045440362516418280e-18
1.045897776973110610e-18
1.046296369846008099e-18
1.046635151022173433e-18
1.046913130388669109e-18
1.047129317832557237e-18
1.047282723240900889e-18
1.047372356500762177e-18
1.047397227499203595e-18
1.047356346123287639e-18
1.047248722260076804e-18
1.047073365796633778e-18
1.046829286620020865e-18
1.046515494617300365e-18
1.046131206565097963e-18
1.045676466798290163e-18
1.045151526541317620e-18
1.044556637018619064e-18
1.043892049454634762e-18
1.043158015073804602e-18
1.042354785100568466e-18
1.041482610759365855e-18
1.040541743274636461e-18
1.039532433870820553e-18
1.038454933772357823e-18
1.037309494203687385e-18
1.036096366389250088e-18
1.034815801553484853e-18
1.033468050920831949e-18
1.032053365715730875e-18
1.030571997162621518e-18
1.029024196485944146e-18
1.027410214910137873e-18
1.025730303659642777e-18
1.023984713958898743e-18
1.022173697032345269e-18
1.020297504104422819e-18
1.018356386399570120e-18
1.016350595142227829e-18
1.014280381556835637e-18
1.012145996867833044e-18
1.009947692299659934e-18
1.007685719076755999e-18
1.005360328423561317e-18
1.002971771564515579e-18
1.000520299724058478e-18
9.980061641266298973e-19
9.954296159966695300e-19
9.927909065586172604e-19
9.900902870369129730e-19
9.873280086559963599e-19
9.845043226403071132e-19
9.816194802142851173e-19
9.786738645391374843e-19
9.756683865231398506e-19
9.726040890113352725e-19
9.694820148487668062e-19
9.663032068804777008e-19
9.630687079515104348e-19
9.597795609069088348e-19
9.564368085917151869e-19
9.530414938509725474e-19
9.495946595297245503e-19
9.460973484730138669e-19
9.425506035258835534e-19
9.389554675333764736e-19
9.353129833405356838e-19
9.316241937924044330e-19
9.278901417340255849e-19
9.241118700104423883e-19
9.202904214666973219e-19
9.164268389478342124e-19
9.125221652988953457e-19
9.085774433649241633e-19
9.045937159909635290e-19
9.005720260220564991e-19
8.965134163032463225e-19
8.924189296795756704e-19
8.882896089960877917e-19
8.841264970978253575e-19
8.799306368298320019e-19
8.757030710371503962e-19
8.714448425648235965e-19
8.671569942578943704e-19
8.628405689614061594e-19
8.584966095204020198e-19
8.541261587799246227e-19
8.497302595850171208e-19
8.453099547807226667e-19
8.408662872120842205e-19
8.364002997241447421e-19
8.319130351619472879e-19
8.274055460833919357e-19
8.228789238978070419e-19
8.183342697273777915e-19
8.137726846942894660e-19
8.091952699207275396e-19
8.046031265288771010e-19
7.999973556409236245e-19
7.953790583790523913e-19
7.907493358654485868e-19
7.861092892222976849e-19
7.814600195717846784e-19
7.768026280360953300e-19
7.721382157374147288e-19
7.674678837979280598e-19
7.627927333398207972e-19
7.581138654852779335e-19
7.534323813564852317e-19
7.487493820756277806e-19
7.440659687648907655e-19
7.393832425464598530e-19
7.347023045425199394e-19
7.300242558752564988e-19
7.253501976668548125e-19
7.206812310395003548e-19
7.160184571153783108e-19
7.113629770166737693e-19
7.067158918655723007e-19
7.020783027842590903e-19
6.974513108949195157e-19
6.928360173197388584e-19
6.882335231809024963e-19
6.836449296005956144e-19
6.790713377010034943e-19
6.745138486043115137e-19
6.699735634327050504e-19
6.654515833083692897e-19
6.609490093534895128e-19
6.564669426902511940e-19
6.520064844408395184e-19
6.475686499041544968e-19
6.431541110859557314e-19
6.387634541687172649e-19
6.343972653349133327e-19
6.300561307670177847e-19
6.257406366475052415e-19
6.214513691588495532e-19
6.171889144835250513e-19
6.129538588040057785e-19
6.087467883027660663e-19
6.045682891622799575e-19
6.004189475650215911e-19
5.962993496934652986e-19
5.922100817300849301e-19
5.881517298573550097e-19
5.841248802577495802e-19
5.801301191137426843e-19
5.761680326078085571e-19
5.722392069224214341e-19
5.683442282400554541e-19
5.644836827431847562e-19
5.606581566142834793e-19
5.568682360358259551e-19
5.531145071902861298e-19
5.493975562601382388e-19
5.457179694278566136e-19
5.420763328759152007e-19
5.384732327867882353e-19
5.349092553429498563e-19
5.313849867268742992e-19
5.279010131210357990e-19
5.244579207079083023e-19
5.210562956699660444e-19
5.176967241896834529e-19
5.143797924495342819e-19
5.111060866319930554e-19
5.078761929195337198e-19
5.046906974946305104e-19
5.015501865397575662e-19
4.984551334602078568e-19
4.954055605525494819e-19
4.924013773361692755e-19
4.894424933304538791e-19
4.865288180547904155e-19
4.836602610285653335e-19
4.808367317711657562e-19
4.780581398019785175e-19
4.753243946403902589e-19
4.726354058057879107e-19
4.699910828175583068e-19
4.673913351950882814e-19
4.648360724577646685e-19
4.623252041249742057e-19
4.598586397161038234e-19
4.574362887505402594e-19
4.550580607476704439e-19
4.527238652268810184e-19
4.504336117075590095e-19
4.481872097090912512e-19
4.459845687508644812e-19
4.438255983522654374e-19
4.417102080326811462e-19
4.396383073114983455e-19
4.376098057081036766e-19
4.356246127418842625e-19
4.336826379322268410e-19
4.317837907985182459e-19
4.299279808601452151e-19
4.281151176364946307e-19
4.263451106469532786e-19
4.246178694109080891e-19
4.229333034477458000e-19
4.212913222768532452e-19
4.196918354176172588e-19
4.181347523894246749e-19
4.166199827116623274e-19
4.151474359037170986e-19
4.137170214849757260e-19
4.123285730643998528e-19
4.109816206092505978e-19
4.096756181763637445e-19
4.084100198225751247e-19
4.071842796047205700e-19
4.059978515796359600e-19
4.048501898041570302e-19
4.037407483351198529e-19
4.026689812293599708e-19
4.016343425437134563e-19
4.006362863350160449e-19
3.996742666601036161e-19
3.987477375758120980e-19
3.978561531389770333e-19
3.969989674064345906e-19
3.961756344350205053e-19
3.953856082815705609e-19
3.946283430029205890e-19
3.939032926559065175e-19
3.932099112973642262e-19
3.925476529841293542e-19
3.919159717730380219e-19
3.913143217209257721e-19
3.907421568846286772e-19
3.901989313209824242e-19
3.896840990868229895e-19
3.891971142389861563e-19
3.887374308343077082e-19
3.883045029296235731e-19
3.878977845817695344e-19
3.875167298475814721e-19
3.871607927838952176e-19
3.868294274475465545e-19
3.865220878953714588e-19
3.862382281842057141e-19
3.859773023708850074e-19
3.857387645122454112e-19
3.855220686651226127e-19
3.853266688863525398e-19
3.851520080530060123e-19
3.849974843230941879e-19
3.848624846748630199e-19
3.847463960865587026e-19
3.846486055364272854e-19
3.845685000027148180e-19
3.845054664636674946e-19
3.844588918975313646e-19
3.844281632825524779e-19
3.844126675969770284e-19
3.844117918190509694e-19
3.844249229270205433e-19
3.844514478991317033e-19
3.844907537136305472e-19
3.845422273487634617e-19
3.846052557827761113e-19
3.846792259939148344e-19
3.847635249604256807e-19
3.848575396605547480e-19
3.849606570725481341e-19
3.850722641746519367e-19
3.851917479451121092e-19
3.853184953621750382e-19
3.854518934040865808e-19
3.855913290490928348e-19
3.857361892754399942e-19
3.858858610613741569e-19
3.860397313851413243e-19
3.861971872249875942e-19
3.863576155591591125e-19
3.865204033659020733e-19
3.866849376234623336e-19
3.868506053100861839e-19
3.870167934040195774e-19
3.871828888835087564e-19
3.873482787267996260e-19
3.875123499121384286e-19
3.876744894177712618e-19
3.878340842219441272e-19
3.879905630856680840e-19
3.881435219010139406e-19
3.882925983428173706e-19
3.884374300859140959e-19
3.885776548051397420e-19
3.887129101753301749e-19
3.888428338713208757e-19
3.889670635679477107e-19
3.890852369400464016e-19
3.891969916624524776e-19
3.893019654100019011e-19
3.893997958575301052e-19
3.894901206798730521e-19
3.895725775518661268e-19
3.896468041483453880e-19
3.897124381441462203e-19
3.897691172141045383e-19
3.898164790330559673e-19
3.898541612758362291e-19
3.898818016172810454e-19
3.898990377322260900e-19
3.899055072955070845e-19
3.899008479819596544e-19
3.898846974664196659e-19
3.898566934237226483e-19
3.898164735287043713e-19
3.897636754562006050e-19
3.896979368810469266e-19
3.896188954780792023e-19
3.895261889221329614e-19
3.894194548880439737e-19
3.892983310506480092e-19
3.891624550847807414e-19
3.890114646652777958e-19
3.888449974669749424e-19
3.886626911647078547e-19
3.884641834333123027e-19
3.882491119476239119e-19
3.880171143824784039e-19
3.877678883622885338e-19
3.875013713097751412e-19
3.872175605972362434e-19
3.869164535969695689e-19
3.865980476812731829e-19
3.862623402224449103e-19
3.859093285927825756e-19
3.855390101645843889e-19
3.851513823101478378e-19
3.847464424017712284e-19
3.843241878117521928e-19
3.838846159123887483e-19
3.834277240759788642e-19
3.829535096748202686e-19
3.824619700812110272e-19
3.819531026674488683e-19
3.814269048058319537e-19
3.808833738686580116e-19
3.803225072282250114e-19
3.797443022568308257e-19
3.791487563267733757e-19
3.785358668103506304e-19
3.779056310798603664e-19
3.772580465076006010e-19
3.765931104658692552e-19
3.759108203269641055e-19
3.752111734631832173e-19
3.744941672468243673e-19
3.737597990501854763e-19
3.730080662455645618e-19
3.722389662052594483e-19
3.714524963015680569e-19
3.706486539067882604e-19
3.698274363932179798e-19
3.689888411331552325e-19
3.681328654988977948e-19
3.672595068627435879e-19
3.663687625969905328e-19
3.654606300739365985e-19
3.645351502196236774e-19
3.635925381750700289e-19
3.626330526350379800e-19
3.616569522942896170e-19
3.606644958475874595e-19
3.596559419896936901e-19
3.586315494153705876e-19
3.575915768193804309e-19
3.565362828964854508e-19
3.554659263414480705e-19
3.543807658490305208e-19
3.532810601139949361e-19
3.521670678311038360e-19
3.510390476951192586e-19
3.498972584008037237e-19
3.487419586429193655e-19
3.475734071162285111e-19
3.463918625154933912e-19
3.451975835354763329e-19
3.439908288709396632e-19
3.427718572166456128e-19
3.415409272673564605e-19
3.402982977178344853e-19
3.390442272628419660e-19
3.377789745971412296e-19
3.365027984154945068e-19
3.352159574126641248e-19
3.339187102834123623e-19
3.326113157225014019e-19
3.312940324246936188e-19
3.299671190847513400e-19
3.286308343974367481e-19
3.272854370575121219e-19
3.259311857597399330e-19
3.245683391988822194e-19
3.231971560697013563e-19
3.218178950669597190e-19
3.204308148854193936e-19
3.190361742198428034e-19
3.176342413379079533e-19
3.162253227989562323e-19
3.148097347352445630e-19
3.133877932790299159e-19
3.119598145625693580e-19
3.105261147181200525e-19
3.090870098779389700e-19
3.076428161742830811e-19
3.061938497394094044e-19
3.047404267055751515e-19
3.032828632050372447e-19
3.018214753700527028e-19
3.003565793328785445e-19
2.988884912257717887e-19
2.974175271809896947e-19
2.959440033307889925e-19
2.944682358074269416e-19
2.929905407431604162e-19
2.915112342702465796e-19
2.900306325209424023e-19
2.885490516275049513e-19
2.870668077221911972e-19
2.855842169372582550e-19
2.841015954049631916e-19
2.826192592575628814e-19
2.811375246273145356e-19
2.796567076464751250e-19
2.781771244473016200e-19
2.766990911620511358e-19
2.752229239229807392e-19
2.737489388623473528e-19
2.722774521124080914e-19
2.708087798054200222e-19
2.693432380736401156e-19
2.678811430493253422e-19
2.664228108647328654e-19
2.649685576521197037e-19
2.635186995437429723e-19
2.620735526718594492e-19
2.606334127045206879e-19
2.591984934529554174e-19
2.577689882641866609e-19
2.563450904852374897e-19
2.549269934631308788e-19
2.535148905448899475e-19
2.521089750775377671e-19
2.507094404080974090e-19
2.493164798835917999e-19
2.479302868510441555e-19
2.465510546574774508e-19
2.451789766499147090e-19
2.438142461753790494e-19
2.424570565808934951e-19
2.411076012134811656e-19
2.397660734201649396e-19
2.384326665479681290e-19
2.371075739439135644e-19
2.357909889550244133e-19
2.344831049283236989e-19
2.331841152108344443e-19
2.318942131495798170e-19
2.306135920915827439e-19
2.293424453838663444e-19
2.280809663734536897e-19
2.268293484073677548e-19
2.255877848326317074e-19
2.243564689962684741e-19
2.231355942453012226e-19
2.219253539267529760e-19
2.207259413876467574e-19
2.195375499750056380e-19
2.183603730358526411e-19
2.171946039172108859e-19
2.160404359661034198e-19
2.148980625295532417e-19
2.137676769545834710e-19
2.126494725882171069e-19
2.115436427774772205e-19
2.104503488833796739e-19
2.093696243229114675e-19
2.083014705270524892e-19
2.072458889267824337e-19
2.062028809530811407e-19
2.051724480369284735e-19
2.041545916093041996e-19
2.031493131011882063e-19
2.021566139435601406e-19
2.011764955673999624e-19
2.002089594036874388e-19
1.992540068834024093e-19
1.983116394375246170e-19
1.973818584970339255e-19
1.964646654929101501e-19
1.955600618561330582e-19
1.946680490176824649e-19
1.937886284085382580e-19
1.929218014596801565e-19
1.920675696020880240e-19
1.912259342667416276e-19
1.903968968846208550e-19
1.895804588867054494e-19
1.887766217039752501e-19
1.879853867674100485e-19
1.872067555079896599e-19
1.864407293566939238e-19
1.856873097445026075e-19
1.849464981023955503e-19
1.842182958613526158e-19
1.835027044523535231e-19
1.827997253063781116e-19
1.821093598544061968e-19
1.814316095274175939e-19
1.807664757563921183e-19
1.801139599723095855e-19
1.794740636061497867e-19
1.788467880888925614e-19
1.782321348515176768e-19
1.776300815346959838e-19
1.770405106178622104e-19
1.764632807901421922e-19
1.758982507406616688e-19
1.753452791585463314e-19
1.748042247329220638e-19
1.742749461529145815e-19
1.737573021076496238e-19
1.732511512862530023e-19
1.727563523778504807e-19
1.722727640715678464e-19
1.718002450565307908e-19
1.713386540218651736e-19
1.708878496566966860e-19
1.704476906501511640e-19
1.700180356913543226e-19
1.695987434694319497e-19
1.691896726735098085e-19
1.687906819927136868e-19
1.684016301161693480e-19
1.680223757330025556e-19
1.676527775323390490e-19
1.672926942033046158e-19
1.669419844350250196e-19
1.666005069166260478e-19
1.662681203372334640e-19
1.659446833859730798e-19
1.656300547519705384e-19
1.653240931243517235e-19
1.650266571922423266e-19
1.647376056447681833e-19
1.644567971710550330e-19
1.641840904602286151e-19
1.639193442014147655e-19
1.636624170837391512e-19
1.634131677963276562e-19
1.631714550283059957e-19
1.629371374687998852e-19
1.627100738069351845e-19
1.624901171029474141e-19
1.622770979015115808e-19
1.620708411184123761e-19
1.618711716694345638e-19
1.616779144703629317e-19
1.614908944369822437e-19
1.613099364850772154e-19
1.611348655304326105e-19
1.609655064888332170e-19
1.608016842760637746e-19
1.606432238079090230e-19
1.604899500001537741e-19
1.603416877685827195e-19
1.601982620289806470e-19
1.600594976971323205e-19
1.599252196888225038e-19
1.597952529198359365e-19
1.596694223059573824e-19
1.595475527629715814e-19
1.594294692066632971e-19
1.593149965528173174e-19
1.592039597172183821e-19
1.590961836156512308e-19
1.589914931639006515e-19
1.588897132777513597e-19
1.587906688729881675e-19
1.586941848653957663e-19
1.586000861707589923e-19
1.585081977048625369e-19
1.584183443834911880e-19
1.583303511224296854e-19
1.582440428374627928e-19
1.581592444443752982e-19
1.580757808589519170e-19
1.579934769969774133e-19
1.579121577742365988e-19
1.578316481065141170e-19
1.577517729095948521e-19
1.576723570992634715e-19
1.575932355577698286e-19
1.575142830332237977e-19
1.574353842402004872e-19
1.573564238932747645e-19
1.572772867070216898e-19
1.571978573960162030e-19
1.571180206748333642e-19
1.570376612580480891e-19
1.569566638602354137e-19
1.568749131959703260e-19
1.567922939798277659e-19
1.567086909263827934e-19
1.566239887502103243e-19
1.565380721658853705e-19
1.564508258879829682e-19
1.563621346310780090e-19
1.562718831097456012e-19
1.561799560385606365e-19
1.560862381320981508e-19
1.559906141049331563e-19
1.558929686716405686e-19
1.557931865467954239e-19
1.556911524449727100e-19
1.555867510807473909e-19
1.554798671686945025e-19
1.553703854233889847e-19
1.552581905594058496e-19
1.551431672913200609e-19
1.550252003337066547e-19
1.549041744011405468e-19
1.547799742081967973e-19
1.546524844694503941e-19
1.545215898994763012e-19
1.543871752128494582e-19
1.542491251241449495e-19
1.541073243479376907e-19
1.539616575988027179e-19
1.538120095913149469e-19
1.536582650400494618e-19
1.535003247597410696e-19
1.533381539657643345e-19
1.531717339736535919e-19
1.530010460989431767e-19
1.528260716571674964e-19
1.526467919638609824e-19
1.524631883345579458e-19
1.522752420847928421e-19
1.520829345300999583e-19
1.518862469860137740e-19
1.516851607680685522e-19
1.514796571917987964e-19
1.512697175727388179e-19
1.510553232264229517e-19
1.508364554683856774e-19
1.506130956141613302e-19
1.503852249792842693e-19
1.501528248792889262e-19
1.499158766297096119e-19
1.496743615460807578e-19
1.494282609439367233e-19
1.491775561388118916e-19
1.489222284462406700e-19
1.486622591817573937e-19
1.483976296608964461e-19
1.481283211991922345e-19
1.478543151121791421e-19
1.475755927153914802e-19
1.472921353243637522e-19
1.470039242546301972e-19
1.467109408217253428e-19
1.464131663411834038e-19
1.461105821285389079e-19
1.458031694993261663e-19
1.454909097690795382e-19
1.451737842533334550e-19
1.448517742676222518e-19
1.445248611274803360e-19
1.441930261484420910e-19
1.438562636537425795e-19
1.435146199974197991e-19
1.431681545412124028e-19
1.428169266468590434e-19
1.424609956760984222e-19
1.421004209906691681e-19
1.417352619523099821e-19
1.413655779227595413e-19
1.409914282637564747e-19
1.406128723370395555e-19
1.402299695043473163e-19
1.398427791274185306e-19
1.394513605679917790e-19
1.390557731878058109e-19
1.386560763485993032e-19
1.382523294121108367e-19
1.378445917400791607e-19
1.374329226942429041e-19
1.370173816363407922e-19
1.365980279281114537e-19
1.361749209312935416e-19
1.357481200076257572e-19
1.353176845188467533e-19
1.348836738266952310e-19
1.344461472929098194e-19
1.340051642792292435e-19
1.335607841473921323e-19
1.331130662591371388e-19
1.326620699762029640e-19
1.322078546603282610e-19
1.317504796732517549e-19
1.312900043767120265e-19
1.308264881324478250e-19
1.303599903021977794e-19
1.298905702477005667e-19
1.294182873306948399e-19
1.289432009129193242e-19
1.284653703561126725e-19
1.279848550220134897e-19
1.275017189841008043e-19
1.270160451628147615e-19
1.265279211903357620e-19
1.260374346988442302e-19
1.255446733205206389e-19
1.250497246875454366e-19
1.245526764320989758e-19
1.240536161863617773e-19
1.235526315825142175e-19
1.230498102527367690e-19
1.225452398292098325e-19
1.220390079441138806e-19
1.215312022296293138e-19
1.210219103179365566e-19
1.205112198412161058e-19
1.199992184316482897e-19
1.194859937214136533e-19
1.189716333426925729e-19
1.184562249276654972e-19
1.179398561085128266e-19
1.174226145174150339e-19
1.169045877865525676e-19
1.163858635481058284e-19
1.158665294342552407e-19
1.153466730771812532e-19
1.148263821090643385e-19
1.143057441620848491e-19
1.137848468684232817e-19
1.132637778602600850e-19
1.127426247697756112e-19
1.122214752291503812e-19
1.117004168705647715e-19
1.111795373261992307e-19
1.106589242282342315e-19
1.101386652088501502e-19
1.096188479002274356e-19
1.090995599345465363e-19
1.085808889439879009e-19
1.080629225607319298e-19
1.075457452854527740e-19
1.070294290927994292e-19
1.065140428259145935e-19
1.059996553279409286e-19
1.054863354420211327e-19
1.049741520112979037e-19
1.044631738789139396e-19
1.039534698880119264e-19
1.034451088817345380e-19
1.029381597032244965e-19
1.024326911956244638e-19
1.019287722020771619e-19
1.014264715657252649e-19
1.009258581297114224e-19
1.004270007371784169e-19
9.992996823126884997e-20
9.943482945512545577e-20
9.894165325189092024e-20
9.845050846470794140e-20
9.796146393671919318e-20
9.747458851106738560e-20
9.698995103089520464e-20
9.650762033934531219e-20
9.602766527956043033e-20
9.555015469468324501e-20
9.507515742785644220e-20
9.460274232222274399e-20
9.413297822092477614e-20
9.366593396710527277e-20
9.320167840390691985e-20
9.274028037447240334e-20
9.228180872194443328e-20
9.182633228946567156e-20
9.137391992017881619e-20
9.092464045722657720e-20
9.047856274375162851e-20
9.003575562289666814e-20
8.959628793780437001e-20
8.916022853161744415e-20
