# Matter power spectrum P(k) at redshift z=0.61
# for k=1.04734e-05 to 1.53044 h/Mpc,
# number of wavenumbers equal to 643
#    1:k (h/Mpc)              2:P (Mpc/h)^3        
       1.047341088232e-05       2.550572001360e+01 
       2.342967822206e-05       5.546738034847e+01 
       3.643194042869e-05       8.492127487928e+01 
       4.951559217028e-05       1.141792928600e+02 
       6.271661944452e-05       1.434201919436e+02 
       7.607192420436e-05       1.727787897816e+02 
       8.961965946786e-05       2.023709687490e+02 
       1.033995794178e-04       2.323039243878e+02 
       1.174534090305e-04       2.626814356949e+02 
       1.318252378085e-04       2.936070809905e+02 
       1.465619421932e-04       3.251864779988e+02 
       1.617136411695e-04       3.575290440632e+02 
       1.773341893779e-04       3.907495077596e+02 
       1.934817116467e-04       4.249692985067e+02 
       2.102191821491e-04       4.603178839949e+02 
       2.276150502240e-04       4.969340981310e+02 
       2.457439131044e-04       5.349674717277e+02 
       2.646872331333e-04       5.745795800068e+02 
       2.845340932198e-04       6.159453887677e+02 
       3.053819789435e-04       6.592545781812e+02 
       3.273375684591e-04       7.047127938947e+02 
       3.505175017362e-04       7.525427744035e+02 
       3.750490883294e-04       8.029852419174e+02 
       4.010708975345e-04       8.562994477862e+02 
       4.287331565431e-04       9.127632165402e+02 
       4.581978616913e-04       9.726722711253e+02 
       4.896384866789e-04       1.036338632706e+03 
       5.232391526165e-04       1.104087816011e+03 
       5.591931125075e-04       1.176254557851e+03 
       5.977004037747e-04       1.253176829829e+03 
       6.389645446572e-04       1.335187971187e+03 
       6.831882020693e-04       1.422606880476e+03 
       7.305678461012e-04       1.515726435072e+03 
       7.812875304315e-04       1.614800560023e+03 
       8.355120895880e-04       1.720030671744e+03 
       8.933802017688e-04       1.831552500787e+03 
       9.549978964105e-04       1.949424532781e+03 
       1.020433149621e-03       2.073619292098e+03 
       1.089712174688e-03       2.204018671698e+03 
       1.162817865886e-03       2.340413945577e+03 
       1.239690608679e-03       2.482510792459e+03 
       1.320231375032e-03       2.629938850372e+03 
       1.404306742651e-03       2.782251337526e+03 
       1.484560572988e-03       2.926145999788e+03 
       1.491755271444e-03       2.938975249330e+03 
       1.582394575872e-03       3.099604674505e+03 
       1.676028451932e-03       3.263614188175e+03 
       1.772453527793e-03       3.430478427321e+03 
       1.871465067158e-03       3.599684076823e+03 
       1.972861723750e-03       3.770739334403e+03 
       2.076449193166e-03       3.943180541263e+03 
       2.182042818616e-03       4.116576393812e+03 
       2.289469276024e-03       4.290530214327e+03 
       2.398567496966e-03       4.464681298010e+03 
       2.509188993726e-03       4.638703764278e+03 
       2.621197739245e-03       4.812305942746e+03 
       2.734469733833e-03       4.985227973167e+03 
       2.848892366340e-03       5.157240092602e+03 
       2.964363653731e-03       5.328139868249e+03 
       3.080791421888e-03       5.497748924639e+03 
       3.198092472738e-03       5.665912139495e+03 
       3.316191768679e-03       5.832494063479e+03 
       3.435021654433e-03       5.997378296350e+03 
       3.554521128337e-03       6.160462327173e+03 
       3.674635169290e-03       6.321660325211e+03 
       3.795314121506e-03       6.480898065527e+03 
       3.916513136464e-03       6.638113409611e+03 
       4.038191669731e-03       6.793253261240e+03 
       4.160313029249e-03       6.946273897951e+03 
       4.282843971175e-03       7.097140372795e+03 
       4.405754339117e-03       7.245823312349e+03 
       4.529016742641e-03       7.392301810118e+03 
       4.652606271099e-03       7.536556200062e+03 
       4.776500239037e-03       7.678575968802e+03 
       4.900677959771e-03       7.818355805114e+03 
       5.025120543982e-03       7.955887752890e+03 
       5.149810720530e-03       8.091174559198e+03 
       5.274732676930e-03       8.224215427404e+03 
       5.399871917252e-03       8.355015440576e+03 
       5.525215135432e-03       8.483583872785e+03 
       5.650750102212e-03       8.609927700325e+03 
       5.776465564152e-03       8.734055623762e+03 
       5.902351153315e-03       8.855987996987e+03 
       6.028397306413e-03       8.975731179623e+03 
       6.154595192339e-03       9.093302067568e+03 
       6.280936647124e-03       9.208714093734e+03 
       6.407414115506e-03       9.321987255191e+03 
       6.534020598357e-03       9.433137375338e+03 
       6.660749605332e-03       9.542183360406e+03 
       6.787595112160e-03       9.649142438612e+03 
       6.914551522082e-03       9.754037780951e+03 
       7.041613630982e-03       9.856885457539e+03 
       7.168776595829e-03       9.957705180898e+03 
       7.296035906070e-03       1.005651973855e+04 
       7.423387357669e-03       1.015334598893e+04 
       7.550827029532e-03       1.024820675900e+04 
       7.678351262049e-03       1.034112532424e+04 
       7.805956637568e-03       1.043211987829e+04 
       7.933639962589e-03       1.052120996478e+04 
       8.061398251511e-03       1.060841437155e+04 
       8.189228711789e-03       1.069375978642e+04 
       8.317128730353e-03       1.077726358531e+04 
       8.445095861178e-03       1.085894588301e+04 
       8.573127813891e-03       1.093882974035e+04 
       8.701222443321e-03       1.101693615457e+04 
       8.829377739904e-03       1.109328496591e+04 
       8.957591820858e-03       1.116789390335e+04 
       9.085862922075e-03       1.124078544274e+04 
       9.214189390649e-03       1.131197863666e+04 
       9.342569677992e-03       1.138149717171e+04 
       9.471002333487e-03       1.144935575920e+04 
       9.599485998628e-03       1.151557828617e+04 
       9.728019401609e-03       1.158018378189e+04 
       9.856601352319e-03       1.164318569732e+04 
       9.985230737719e-03       1.170461124824e+04 
       1.011390651756e-02       1.176447438553e+04 
       1.024262772040e-02       1.182279707782e+04 
       1.037139343997e-02       1.187959407262e+04 
       1.050020283171e-02       1.193488842677e+04 
       1.062905510964e-02       1.198869531476e+04 
       1.075794954345e-02       1.204103248583e+04 
       1.088688545570e-02       1.209191733461e+04 
       1.101586221938e-02       1.214137279619e+04 
       1.114487925547e-02       1.218941245234e+04 
       1.127393603083e-02       1.223605639961e+04 
       1.140303205613e-02       1.228131517126e+04 
       1.153216688395e-02       1.232521270763e+04 
       1.166134010704e-02       1.236776503808e+04 
       1.179055135670e-02       1.240898666909e+04 
       1.191980030122e-02       1.244889406170e+04 
       1.204908664449e-02       1.248750673304e+04 
       1.217841012469e-02       1.252483649211e+04 
       1.230777051306e-02       1.256089620031e+04 
       1.243716761277e-02       1.259571338099e+04 
       1.256660125783e-02       1.262929462927e+04 
       1.269607131216e-02       1.266165639650e+04 
       1.282557766867e-02       1.269281570412e+04 
       1.295512024838e-02       1.272279022626e+04 
       1.308469899969e-02       1.275159229178e+04 
       1.321431389762e-02       1.277923952068e+04 
       1.334396494316e-02       1.280574282930e+04 
       1.347365216265e-02       1.283111874650e+04 
       1.360337560723e-02       1.285538140748e+04 
       1.373313535230e-02       1.287854366991e+04 
       1.386293149703e-02       1.290062284050e+04 
       1.399276416397e-02       1.292162831516e+04 
       1.412263349862e-02       1.294157840456e+04 
       1.425253966908e-02       1.296048319353e+04 
       1.438248286574e-02       1.297836214349e+04 
       1.451246330094e-02       1.299521612441e+04 
       1.464248120880e-02       1.301107339013e+04 
       1.477253684489e-02       1.302594301210e+04 
       1.484560572988e-02       1.303386356305e+04 
       1.490263048613e-02       1.303983003586e+04 
       1.503276243053e-02       1.305275808011e+04 
       1.516293299711e-02       1.306473243226e+04 
       1.529314252577e-02       1.307576967947e+04 
       1.542339137717e-02       1.308588248827e+04 
       1.555367993269e-02       1.309508322283e+04 
       1.568400859436e-02       1.310338047787e+04 
       1.581437778486e-02       1.311079233635e+04 
       1.594478794749e-02       1.311732500665e+04 
       1.607523954623e-02       1.312299438449e+04 
       1.620573306572e-02       1.312781324569e+04 
       1.633626901138e-02       1.313178803660e+04 
       1.646684790944e-02       1.313493105836e+04 
       1.659747030706e-02       1.313726209999e+04 
       1.672813677244e-02       1.313879178682e+04 
       1.685884789495e-02       1.313952535901e+04 
       1.698960428530e-02       1.313947718517e+04 
       1.712040657567e-02       1.313865147543e+04 
       1.725125541993e-02       1.313706416014e+04 
       1.738215149385e-02       1.313474027144e+04 
       1.751309549527e-02       1.313166175050e+04 
       1.764408814439e-02       1.312785406329e+04 
       1.777513018401e-02       1.312334173726e+04 
       1.790622237977e-02       1.311811749476e+04 
       1.803736552049e-02       1.311219310859e+04 
       1.816856041843e-02       1.310557847634e+04 
       1.829980790961e-02       1.309830081832e+04 
       1.843110885421e-02       1.309034543493e+04 
       1.856246413682e-02       1.308175407497e+04 
       1.869387466691e-02       1.307250363255e+04 
       1.882534137916e-02       1.306261773709e+04 
       1.895686523387e-02       1.305210517240e+04 
       1.908844721742e-02       1.304098820322e+04 
       1.922008834265e-02       1.302925046650e+04 
       1.935178964938e-02       1.301692860829e+04 
       1.948355220482e-02       1.300401260285e+04 
       1.961537710413e-02       1.299052552333e+04 
       1.974726547089e-02       1.297646913910e+04 
       1.987921845761e-02       1.296185778022e+04 
       2.001123724636e-02       1.294668271091e+04 
       2.014332304924e-02       1.293096876815e+04 
       2.027547710906e-02       1.291472928983e+04 
       2.040770069987e-02       1.289797283251e+04 
       2.053999512764e-02       1.288069717761e+04 
       2.067236173090e-02       1.286292176196e+04 
       2.080480188139e-02       1.284463959017e+04 
       2.093731698481e-02       1.282588244781e+04 
       2.106990848145e-02       1.280663905061e+04 
       2.120257784701e-02       1.278691744418e+04 
       2.133532659333e-02       1.276674207858e+04 
       2.146815626918e-02       1.274612042057e+04 
       2.160106846108e-02       1.272504155664e+04 
       2.173406479411e-02       1.270352876431e+04 
       2.186714693283e-02       1.268158895639e+04 
       2.200031658212e-02       1.265919593754e+04 
       2.213357548814e-02       1.263645077086e+04 
       2.226692543924e-02       1.261325356806e+04 
       2.240036826700e-02       1.258967421827e+04 
       2.253390584716e-02       1.256569898531e+04 
       2.266754010073e-02       1.254134403815e+04 
       2.280127299501e-02       1.251661037453e+04 
       2.293510654477e-02       1.249150995253e+04 
       2.306904281330e-02       1.246604675169e+04 
       2.320308391366e-02       1.244024106242e+04 
       2.333723200987e-02       1.241408084880e+04 
       2.347148931815e-02       1.238755346522e+04 
       2.360585810823e-02       1.236075150326e+04 
       2.374034070468e-02       1.233359078031e+04 
       2.387493948829e-02       1.230610484948e+04 
       2.400965689748e-02       1.227834244115e+04 
       2.414449542975e-02       1.225024067738e+04 
       2.427945764325e-02       1.222185761366e+04 
       2.441454615825e-02       1.219318327602e+04 
       2.454976365884e-02       1.216421475543e+04 
       2.468511289452e-02       1.213499529627e+04 
       2.482059668198e-02       1.210545698128e+04 
       2.495621790680e-02       1.207567702272e+04 
       2.509197952535e-02       1.204564407056e+04 
       2.522788456665e-02       1.201535015130e+04 
       2.536393613430e-02       1.198480757909e+04 
       2.550013740854e-02       1.195404208974e+04 
       2.563649164832e-02       1.192300322772e+04 
       2.577300219343e-02       1.189175376961e+04 
       2.590967246678e-02       1.186030638190e+04 
       2.604650597666e-02       1.182860986713e+04 
       2.618350631914e-02       1.179671454361e+04 
       2.632067718054e-02       1.176459860312e+04 
       2.645802233996e-02       1.173229881704e+04 
       2.659554567196e-02       1.169978898049e+04 
       2.673325114925e-02       1.166710168411e+04 
       2.687114284554e-02       1.163420507229e+04 
       2.700922493846e-02       1.160114210368e+04 
       2.714750171261e-02       1.156792336094e+04 
       2.728597756268e-02       1.153452455325e+04 
       2.742465699671e-02       1.150093856494e+04 
       2.756354463948e-02       1.146721340776e+04 
       2.770264523602e-02       1.143333980401e+04 
       2.784196365519e-02       1.139930620012e+04 
       2.798150489348e-02       1.136511426386e+04 
       2.812127407894e-02       1.133078715364e+04 
       2.826127647515e-02       1.129634859411e+04 
       2.840151748551e-02       1.126173517107e+04 
       2.854200265758e-02       1.122702531174e+04 
       2.868273768760e-02       1.119219247160e+04 
       2.882372842522e-02       1.115723249098e+04 
       2.896498087839e-02       1.112214605722e+04 
       2.910650121846e-02       1.108694471440e+04 
       2.924829578548e-02       1.105164464705e+04 
       2.939037109369e-02       1.101625271692e+04 
       2.953273383725e-02       1.098074917537e+04 
       2.967539089624e-02       1.094515887546e+04 
       2.981834934284e-02       1.090946252133e+04 
       2.996161644778e-02       1.087369838642e+04 
       3.010519968711e-02       1.083782249405e+04 
       3.024910674924e-02       1.080187489500e+04 
       3.039334554220e-02       1.076584280102e+04 
       3.053792420132e-02       1.072978165734e+04 
       3.068285109720e-02       1.069359710136e+04 
       3.082813484400e-02       1.065735694851e+04 
       3.097378430812e-02       1.062106740276e+04 
       3.111980861731e-02       1.058471523043e+04 
       3.126621717006e-02       1.054826975022e+04 
       3.141301964558e-02       1.051179610015e+04 
       3.156022601413e-02       1.047527935659e+04 
       3.170784654780e-02       1.043867909947e+04 
       3.185589183193e-02       1.040205292829e+04 
       3.200437277690e-02       1.036538610274e+04 
       3.215330063060e-02       1.032865264109e+04 
       3.230268699142e-02       1.029190832327e+04 
       3.245254382193e-02       1.025510036296e+04 
       3.260288346318e-02       1.021826515131e+04 
       3.275371864974e-02       1.018139876286e+04 
       3.290506252542e-02       1.014452124266e+04 
       3.305692865988e-02       1.010757010057e+04 
       3.320933106600e-02       1.007062331579e+04 
       3.336228421820e-02       1.003361907257e+04 
       3.351580307163e-02       9.996605792425e+03 
       3.366990308245e-02       9.959585400150e+03 
       3.382460022914e-02       9.922528088393e+03 
       3.397991103494e-02       9.885479182395e+03 
       3.413585259151e-02       9.848359492048e+03 
       3.429244258390e-02       9.811254347441e+03 
       3.444969931687e-02       9.774134119126e+03 
       3.460764174268e-02       9.737001971911e+03 
       3.476628949047e-02       9.699839396228e+03 
       3.492566289729e-02       9.662718049853e+03 
       3.508578304091e-02       9.625515373586e+03 
       3.524667177460e-02       9.588353541559e+03 
       3.540835176389e-02       9.551139700114e+03 
       3.557084652555e-02       9.513907929935e+03 
       3.573418046894e-02       9.476697603080e+03 
       3.589837893989e-02       9.439483028000e+03 
       3.606346826723e-02       9.402256502888e+03 
       3.622947581231e-02       9.365030771997e+03 
       3.639643002161e-02       9.327754671770e+03 
       3.656436048274e-02       9.290515216717e+03 
       3.673329798407e-02       9.253255083092e+03 
       3.690327457830e-02       9.215975625386e+03 
       3.707432365020e-02       9.178681704817e+03 
       3.724647998904e-02       9.141407302392e+03 
       3.741977986585e-02       9.104100635857e+03 
       3.759426111611e-02       9.066791433643e+03 
       3.776996322819e-02       9.029468936730e+03 
       3.794692743816e-02       8.992122359557e+03 
       3.812519683136e-02       8.954789238554e+03 
       3.830481645149e-02       8.917420979022e+03 
       3.848583341767e-02       8.880020722629e+03 
       3.866829705048e-02       8.842634966191e+03 
       3.885225900749e-02       8.805205540538e+03 
       3.903777342937e-02       8.767770263045e+03 
       3.922489709744e-02       8.730305979104e+03 
       3.941368960392e-02       8.692811935336e+03 
       3.960421353581e-02       8.655287636431e+03 
       3.979653467413e-02       8.617725117993e+03 
       3.999072220962e-02       8.580163266469e+03 
       4.018684897699e-02       8.542531068089e+03 
       4.038499170925e-02       8.504870201639e+03 
       4.058523131448e-02       8.467147293757e+03 
       4.078765317731e-02       8.429392385264e+03 
       4.099234748781e-02       8.391581206873e+03 
       4.119940960069e-02       8.353723902477e+03 
       4.140894042850e-02       8.315782795941e+03 
       4.162104687223e-02       8.277771962360e+03 
       4.183584229412e-02       8.239710377197e+03 
       4.205344703734e-02       8.201563969756e+03 
       4.227398899819e-02       8.163337175287e+03 
       4.249760425746e-02       8.125020301970e+03 
       4.272443777801e-02       8.086593534345e+03 
       4.295464417731e-02       8.048061190461e+03 
       4.318838858430e-02       8.009425799701e+03 
       4.342584759202e-02       7.970668140871e+03 
       4.366721031879e-02       7.931767772558e+03 
       4.391267959277e-02       7.892725481414e+03 
       4.416247327749e-02       7.853551255925e+03 
       4.441682575835e-02       7.814215307362e+03 
       4.467598961383e-02       7.774683127270e+03 
       4.494023749906e-02       7.734986348830e+03 
       4.520986427435e-02       7.695060518874e+03 
       4.548518941700e-02       7.654931774129e+03 
       4.576655976199e-02       7.614572661319e+03 
       4.605435262550e-02       7.573933315752e+03 
       4.634897937570e-02       7.533055162114e+03 
       4.665088952790e-02       7.491868788679e+03 
       4.696057545680e-02       7.450364422060e+03 
       4.727857783750e-02       7.408504049114e+03 
       4.760549195064e-02       7.366325925979e+03 
       4.794197501647e-02       7.323685322958e+03 
       4.828875475883e-02       7.280658844549e+03 
       4.864663944591e-02       7.237129100267e+03 
       4.901652971180e-02       7.193083029531e+03 
       4.939943253516e-02       7.148516254431e+03 
       4.979647784257e-02       7.103322280442e+03 
       5.020893832037e-02       7.057451980931e+03 
       5.063825316596e-02       7.010838226278e+03 
       5.108605669813e-02       6.963433811888e+03 
       5.155421298513e-02       6.915135577770e+03 
       5.204485795484e-02       6.865828590037e+03 
       5.256045083704e-02       6.815404981409e+03 
       5.310383727240e-02       6.763725153361e+03 
       5.367832701860e-02       6.710664781619e+03 
       5.428778989589e-02       6.655971146780e+03 
       5.493677441463e-02       6.599458085544e+03 
       5.563065432439e-02       6.540847670168e+03 
       5.637580888337e-02       6.479762479904e+03 
       5.717984244891e-02       6.415789704745e+03 
       5.805184696106e-02       6.348389501498e+03 
       5.900270492598e-02       6.276885481382e+03 
       6.004541670018e-02       6.200380513537e+03 
       6.119540751331e-02       6.117728424384e+03 
       6.247071661004e-02       6.027450716828e+03 
       6.389188187298e-02       5.927678846193e+03 
       6.548120776094e-02       5.815981901409e+03 
       6.726098598223e-02       5.689467706974e+03 
       6.925027446464e-02       5.544934283000e+03 
       7.146030898474e-02       5.379323628144e+03 
       7.388972151640e-02       5.190620232351e+03 
       7.652197333262e-02       4.978895095346e+03 
       7.932727247071e-02       4.747189548871e+03 
       8.226878140840e-02       4.501528035082e+03 
       8.531002609012e-02       4.250121339724e+03 
       8.842013393485e-02       4.001889860656e+03 
       9.157575127433e-02       3.765144746812e+03 
       9.476054009261e-02       3.546554550684e+03 
       9.796365333792e-02       3.350612651145e+03 
       1.011781298857e-01       3.179509508943e+03 
       1.043995974177e-01       3.033299678726e+03 
       1.076253461318e-01       2.910244905217e+03 
       1.108537103005e-01       2.807220169199e+03 
       1.140836710387e-01       2.720168221983e+03 
       1.173146069169e-01       2.644563843218e+03 
       1.205461395116e-01       2.575818418734e+03 
       1.237780385332e-01       2.509687993583e+03 
       1.270101638350e-01       2.442657428341e+03 
       1.302424300729e-01       2.372167899162e+03 
       1.334747852046e-01       2.296807143582e+03 
       1.367071974235e-01       2.216308907345e+03 
       1.399396472228e-01       2.131443803244e+03 
       1.431721225762e-01       2.043768159406e+03 
       1.464046160117e-01       1.955353211382e+03 
       1.496371228350e-01       1.868449500778e+03 
       1.528696400500e-01       1.785209914163e+03 
       1.561021657023e-01       1.707458621528e+03 
       1.593346984804e-01       1.636533722610e+03 
       1.625672374722e-01       1.573206228389e+03 
       1.657997820169e-01       1.517662066796e+03 
       1.690323316143e-01       1.469550918153e+03 
       1.722648858683e-01       1.428070925279e+03 
       1.754974444531e-01       1.392083737703e+03 
       1.787300070914e-01       1.360243947151e+03 
       1.819625735406e-01       1.331131894598e+03 
       1.851951435847e-01       1.303540591390e+03 
       1.884277170279e-01       1.276233815991e+03 
       1.916602936914e-01       1.248107234731e+03 
       1.948928734101e-01       1.218484230828e+03 
       1.981254560314e-01       1.187052501403e+03 
       2.013580414131e-01       1.153879686825e+03 
       2.045906294226e-01       1.119346922070e+03 
       2.078232199358e-01       1.084069625396e+03 
       2.110558128365e-01       1.048774211276e+03 
       2.142884080158e-01       1.014186237426e+03 
       2.175210053711e-01       9.809475314599e+02 
       2.207536048062e-01       9.495752847942e+02 
       2.239862062303e-01       9.204284707973e+02 
       2.272188095579e-01       8.937220011964e+02 
       2.304514147083e-01       8.695212131828e+02 
       2.336840216054e-01       8.477500349831e+02 
       2.369166301771e-01       8.281924382589e+02 
       2.401492403554e-01       8.105144059968e+02 
       2.433818520759e-01       7.942964466707e+02 
       2.466144652774e-01       7.790789875409e+02 
       2.498470799022e-01       7.644146947191e+02 
       2.530796958954e-01       7.499166562485e+02 
       2.563123132048e-01       7.352879575550e+02 
       2.595449317810e-01       7.203375071347e+02 
       2.627775515769e-01       7.049715419094e+02 
       2.660101725479e-01       6.891918903278e+02 
       2.692427946513e-01       6.730757141814e+02 
       2.724754178465e-01       6.567614009941e+02 
       2.757080420950e-01       6.404399959043e+02 
       2.789406673600e-01       6.243320613184e+02 
       2.821732936062e-01       6.086626238414e+02 
       2.854059208003e-01       5.936354477622e+02 
       2.886385489100e-01       5.794064324022e+02 
       2.918711779049e-01       5.660681654995e+02 
       2.951038077557e-01       5.536449809799e+02 
       2.983364384345e-01       5.421004572265e+02 
       3.015690699144e-01       5.313534995916e+02 
       3.048017021698e-01       5.212950991327e+02 
       3.080343351763e-01       5.117998696006e+02 
       3.112669689102e-01       5.027378260057e+02 
       3.144996033490e-01       4.939808314258e+02 
       3.177322384712e-01       4.854060392224e+02 
       3.209648742559e-01       4.769064630851e+02 
       3.241975106833e-01       4.683996757493e+02 
       3.274301477341e-01       4.598365162705e+02 
       3.306627853901e-01       4.512055637534e+02 
       3.338954236336e-01       4.425276218490e+02 
       3.371280624476e-01       4.338517734963e+02 
       3.403607018157e-01       4.252389526356e+02 
       3.435933417223e-01       4.167539817914e+02 
       3.468259821522e-01       4.084564631344e+02 
       3.500586230909e-01       4.003990875446e+02 
       3.532912645243e-01       3.926229205871e+02 
       3.565239064389e-01       3.851608373395e+02 
       3.597565488217e-01       3.780331583872e+02 
       3.629891916601e-01       3.712457091453e+02 
       3.662218349420e-01       3.647855624213e+02 
       3.694544786557e-01       3.586235473824e+02 
       3.711414733970e-01       3.555121329089e+02 
       3.726871227899e-01       3.527165675868e+02 
       3.759197673338e-01       3.470168197369e+02 
       3.791524122767e-01       3.414719239889e+02 
       3.823850576087e-01       3.360438651761e+02 
       3.856177033197e-01       3.307003671936e+02 
       3.888503494003e-01       3.254202300588e+02 
       3.920829958414e-01       3.201898951310e+02 
       3.953156426341e-01       3.150018984242e+02 
       3.985482897697e-01       3.098540662710e+02 
       4.017809372400e-01       3.047499913790e+02 
       4.050135850370e-01       2.996995037525e+02 
       4.082462331527e-01       2.947192192557e+02 
       4.114788815798e-01       2.898284927897e+02 
       4.147115303108e-01       2.850475384811e+02 
       4.179441793387e-01       2.803912560494e+02 
       4.211768286567e-01       2.758697092708e+02 
       4.244094782580e-01       2.714857134868e+02 
       4.276421281363e-01       2.672366378456e+02 
       4.308747782852e-01       2.631183768253e+02 
       4.341074286988e-01       2.591248027660e+02 
       4.373400793710e-01       2.552498109024e+02 
       4.405727302963e-01       2.514857797402e+02 
       4.438053814690e-01       2.478226765788e+02 
       4.470380328838e-01       2.442476801374e+02 
       4.502706845355e-01       2.407465839509e+02 
       4.535033364188e-01       2.373059721247e+02 
       4.567359885290e-01       2.339152622848e+02 
       4.599686408612e-01       2.305685633865e+02 
       4.632012934108e-01       2.272641184508e+02 
       4.664339461732e-01       2.240030308934e+02 
       4.696665991440e-01       2.207875640562e+02 
       4.728992523188e-01       2.176200298754e+02 
       4.761319056937e-01       2.145023052222e+02 
       4.793645592644e-01       2.114367896288e+02 
       4.825972130271e-01       2.084271287726e+02 
       4.858298669778e-01       2.054780769943e+02 
       4.890625211129e-01       2.025950840522e+02 
       4.922951754288e-01       1.997820817127e+02 
       4.955278299217e-01       1.970405925477e+02 
       4.987604845884e-01       1.943687780245e+02 
       5.019931394254e-01       1.917622873065e+02 
       5.052257944295e-01       1.892134027268e+02 
       5.084584495974e-01       1.867218625699e+02 
       5.116911049261e-01       1.842775859490e+02 
       5.149237604125e-01       1.818791855044e+02 
       5.181564160537e-01       1.795237524398e+02 
       5.213890718466e-01       1.772086838367e+02 
       5.246217277887e-01       1.749303044480e+02 
       5.278543838770e-01       1.726854106167e+02 
       5.310870401090e-01       1.704714307358e+02 
       5.343196964819e-01       1.682876135319e+02 
       5.375523529934e-01       1.661350807745e+02 
       5.407850096407e-01       1.640162080202e+02 
       5.440176664216e-01       1.619335002095e+02 
       5.472503233337e-01       1.598886074589e+02 
       5.504829803746e-01       1.578817878208e+02 
       5.537156375421e-01       1.559122479899e+02 
       5.569482948339e-01       1.539787396497e+02 
       5.601809522480e-01       1.520803868063e+02 
       5.634136097822e-01       1.502171478453e+02 
       5.666462674343e-01       1.483893094966e+02 
       5.698789252026e-01       1.465968599617e+02 
       5.731115830848e-01       1.448389837600e+02 
       5.763442410792e-01       1.431135722349e+02 
       5.795768991839e-01       1.414180798928e+02 
       5.828095573969e-01       1.397499797230e+02 
       5.860422157166e-01       1.381075510506e+02 
       5.892748741411e-01       1.364899145168e+02 
       5.925075326687e-01       1.348974316934e+02 
       5.957401912978e-01       1.333299442738e+02 
       5.989728500267e-01       1.317872148857e+02 
       6.022055088538e-01       1.302683001680e+02 
       6.054381677775e-01       1.287718936611e+02 
       6.086708267962e-01       1.272970471042e+02 
       6.119034859085e-01       1.258434290676e+02 
       6.151361451129e-01       1.244116275250e+02 
       6.183688044079e-01       1.230026212344e+02 
       6.216014637921e-01       1.216173251727e+02 
       6.248341232642e-01       1.202558518917e+02 
       6.280667828227e-01       1.189173631281e+02 
       6.312994424663e-01       1.176007865025e+02 
       6.345321021938e-01       1.163048708593e+02 
       6.377647620038e-01       1.150288103002e+02 
       6.409974218951e-01       1.137724940158e+02 
       6.442300818665e-01       1.125361001281e+02 
       6.474627419168e-01       1.113196076500e+02 
       6.506954020447e-01       1.101225844665e+02 
       6.539280622492e-01       1.089438526661e+02 
       6.571607225291e-01       1.077821322710e+02 
       6.603933828833e-01       1.066364580426e+02 
       6.636260433107e-01       1.055061763863e+02 
       6.668587038102e-01       1.043915179895e+02 
       6.700913643808e-01       1.032929856601e+02 
       6.733240250215e-01       1.022109360616e+02 
       6.765566857312e-01       1.011451584510e+02 
       6.797893465090e-01       1.000952081435e+02 
       6.830220073540e-01       9.906002049231e+01 
       6.862546682650e-01       9.803912430799e+01 
       6.894873292413e-01       9.703216987478e+01 
       6.927199902819e-01       9.603949942998e+01 
       6.959526513859e-01       9.506145292676e+01 
       6.991853125524e-01       9.409849246559e+01 
       7.024179737806e-01       9.314990634392e+01 
       7.056506350695e-01       9.221545753355e+01 
       7.088832964185e-01       9.129409973150e+01 
       7.121159578266e-01       9.038508515083e+01 
       7.153486192931e-01       8.948807699656e+01 
       7.185812808171e-01       8.860334301318e+01 
       7.218139423979e-01       8.773078441604e+01 
       7.250466040348e-01       8.687086179742e+01 
       7.282792657269e-01       8.602327289436e+01 
       7.315119274736e-01       8.518732384287e+01 
       7.347445892741e-01       8.436199367488e+01 
       7.379772511277e-01       8.354723878820e+01 
       7.412099130337e-01       8.274275821201e+01 
       7.444425749914e-01       8.194867455252e+01 
       7.476752370003e-01       8.116547968510e+01 
       7.509078990595e-01       8.039325007699e+01 
       7.541405611685e-01       7.963187276878e+01 
       7.573732233266e-01       7.888078466530e+01 
       7.606058855331e-01       7.813937608474e+01 
       7.638385477876e-01       7.740720697953e+01 
       7.670712100893e-01       7.668417217154e+01 
       7.703038724376e-01       7.597039440183e+01 
       7.735365348321e-01       7.526621108660e+01 
       7.767691972720e-01       7.457167157782e+01 
       7.800018597569e-01       7.388658070843e+01 
       7.832345222862e-01       7.321042044595e+01 
       7.864671848593e-01       7.254264737082e+01 
       7.896998474757e-01       7.188284261609e+01 
       7.929325101348e-01       7.123094104255e+01 
       7.961651728362e-01       7.058713210989e+01 
       7.993978355793e-01       6.995163781074e+01 
       8.026304983636e-01       6.932453140652e+01 
       8.058631611887e-01       6.870564117139e+01 
       8.090958240539e-01       6.809451369826e+01 
       8.123284869590e-01       6.749067389603e+01 
       8.155611499033e-01       6.689381246771e+01 
       8.187938128864e-01       6.630392420098e+01 
       8.220264759079e-01       6.572118626214e+01 
       8.252591389673e-01       6.514581633189e+01 
       8.284918020641e-01       6.457790102349e+01 
       8.317244651980e-01       6.401722888985e+01 
       8.349571283684e-01       6.346343252906e+01 
       8.381897915750e-01       6.291609206504e+01 
       8.414224548174e-01       6.237494658794e+01 
       8.446551180951e-01       6.183983046575e+01 
       8.478877814077e-01       6.131131349033e+01 
       8.511204447549e-01       6.078925165531e+01 
       8.543531081362e-01       6.027373868466e+01 
       8.575857715512e-01       5.976462650363e+01 
       8.608184349996e-01       5.926151482037e+01 
       8.640510984811e-01       5.876404952478e+01 
       8.672837619951e-01       5.827202822369e+01 
       8.705164255414e-01       5.778545968995e+01 
       8.737490891196e-01       5.730451680666e+01 
       8.769817527294e-01       5.682935095101e+01 
       8.802144163703e-01       5.636002325466e+01 
       1.010664594144e+00       4.117970806849e+01 
       1.222218310873e+00       2.656126857454e+01 
       1.530438537976e+00       1.566060915333e+01 
