0.000000000000000000e+00
0.000000000000000000e+00
1.449355391704571177e-10
6.854885646283244297e-11
3.892449523454442275e-11
2.485154971485042816e-11
1.720987569471838445e-11
1.264930389029888561e-11
9.716965964886764263e-12
7.727647585937408886e-12
6.314176416214214232e-12
5.274068883286400249e-12
4.486365449060033024e-12
3.874108419980410597e-12
3.387573038290194987e-12
2.995211323164722576e-12
2.673090836480162592e-12
2.405549066369429583e-12
2.180314041539801008e-12
1.989129671903179817e-12
1.825163544510491292e-12
1.683396794924565211e-12
1.559604916196787840e-12
1.450927282820863041e-12
1.354976002648030375e-12
1.269890235517350146e-12
1.194009439517712786e-12
1.125947213749507075e-12
1.064491514337959885e-12
1.008853584496153724e-12
9.583504892091352124e-13
9.123342280897443832e-13
8.702965392619986657e-13
8.317640954777089036e-13
7.962979050133454484e-13
7.635963182440156722e-13
7.333920210694862527e-13
7.054273765582602998e-13
6.794834564537858440e-13
6.553510096682478526e-13
6.328207851138304853e-13
6.117031617433768402e-13
5.918870386723620337e-13
5.732809450569196157e-13
5.557934100531831363e-13
5.393372395963850801e-13
5.238423467381540739e-13
5.092429213092178814e-13
4.954731531403045688e-13
4.824672320621416977e-13
4.701623922700688270e-13
4.585080454178716874e-13
4.474566475239478553e-13
4.369606546066950083e-13
4.269725226845106220e-13
4.174490653747016486e-13
4.083645266902125432e-13
3.996975082428973890e-13
3.914266116446100169e-13
3.835304385072044596e-13
3.759875904425347499e-13
3.687773852839071319e-13
3.618820057504378560e-13
3.552843507826955860e-13
3.489673193212488343e-13
3.429138103066663151e-13
3.371067226795166416e-13
3.315289553803684272e-13
3.261648518923228396e-13
3.210045338686113661e-13
3.160395675049979976e-13
3.112615189972467759e-13
3.066619545411216921e-13
3.022324403323867373e-13
2.979645425668060038e-13
2.938498274401434321e-13
2.898802849768724821e-13
2.860496005163042867e-13
2.823518832264593972e-13
2.787812422753583140e-13
2.753317868310215379e-13
2.719976260614697714e-13
2.687728691347234143e-13
2.656516252188030176e-13
2.626283997176717540e-13
2.596992829790629785e-13
2.568607615866529201e-13
2.541093221241173534e-13
2.514414511751324569e-13
2.488536353233742577e-13
2.463423611525187827e-13
2.439041152462420084e-13
2.415353841882200125e-13
2.392328553353630256e-13
2.369940191375179413e-13
2.348165668177661096e-13
2.326981895991885268e-13
2.306365787048665426e-13
2.286294253578812041e-13
2.266744207813138609e-13
2.247692561982455096e-13
2.229116228317574998e-13
2.210992119049308786e-13
2.193297146408469451e-13
2.176009801345248182e-13
2.159114889687356012e-13
2.142598795981884440e-13
2.126447904775924208e-13
2.110648600616566815e-13
2.095187268050903509e-13
2.080050291626025284e-13
2.065224055889023387e-13
2.050694945386988055e-13
2.036449344667011797e-13
2.022473638276184851e-13
2.008754210761598968e-13
1.995278297430944669e-13
1.982036536634313104e-13
1.969020417482394446e-13
1.956221429085880379e-13
1.943631060555461076e-13
1.931240801001826961e-13
1.919042139535669214e-13
1.907026565267678766e-13
1.895185567308546040e-13
1.883510634768961459e-13
1.871993256759616206e-13
1.860624922391200957e-13
1.849397120774406388e-13
1.838301926005157582e-13
1.827333752120317753e-13
1.816487598141983511e-13
1.805758463092252224e-13
1.795141345993221259e-13
1.784631245866987227e-13
1.774223161735648506e-13
1.763912092621301200e-13
1.753693037546042930e-13
1.743560995531971063e-13
1.733510965601182210e-13
1.723537946775773992e-13
1.713636938077843774e-13
1.703802938529488674e-13
1.694030947152805300e-13
1.684316379330555124e-13
1.674656315888154253e-13
1.665048254011681132e-13
1.655489690887216981e-13
1.645978123700839993e-13
1.636511049638630631e-13
1.627085965886668096e-13
1.617700369631032094e-13
1.608351758057802080e-13
1.599037628353057758e-13
1.589755477702878584e-13
1.580502803293344263e-13
1.571277102310534249e-13
1.562075871940528501e-13
1.552896609369406220e-13
1.543736811783247364e-13
1.534593976368130883e-13
1.525465864920435078e-13
1.516351297677728335e-13
1.507249359487878143e-13
1.498159135198751483e-13
1.489079709658215844e-13
1.480010167714137701e-13
1.470949594214384290e-13
1.461897074006822594e-13
1.452851691939320352e-13
1.443812532859743789e-13
1.434778681615960139e-13
1.425749223055836638e-13
1.416723242027240521e-13
1.407699823378038516e-13
1.398678051956098112e-13
1.389657012609285786e-13
1.380635790185469277e-13
1.371613469532515315e-13
1.362589135498290883e-13
1.353562044831445309e-13
1.344532141883756545e-13
1.335499542907783879e-13
1.326464364156087610e-13
1.317426721881227278e-13
1.308386732335763434e-13
1.299344511772255620e-13
1.290300176443263375e-13
1.281253842601346998e-13
1.272205626499066029e-13
1.263155644388980515e-13
1.254104012523650249e-13
1.245050847155635275e-13
1.235996264537495641e-13
1.226940380921790887e-13
1.217883312561080554e-13
1.208825175707925191e-13
1.199766086614884341e-13
1.190706161534518049e-13
1.181645516719386108e-13
1.172584268422048311e-13
1.163522623128756022e-13
1.154461148260527391e-13
1.145400501472070623e-13
1.136341340418095567e-13
1.127284322753311310e-13
1.118230106132426942e-13
1.109179348210151552e-13
1.100132706641194609e-13
1.091090839080264949e-13
1.082054403182071914e-13
1.073024056601324341e-13
1.064000456992731824e-13
1.054984262011003453e-13
1.045976129310848063e-13
1.036976716546975251e-13
1.027986681374093977e-13
1.019006681446913459e-13
1.010037374420142660e-13
1.001079417948490920e-13
9.921334696866674555e-14
9.832001872893814823e-14
9.742802284113417109e-14
9.653742507072579878e-14
9.564829371574169031e-14
9.476070720444169435e-14
9.387474649764340962e-14
9.299049255616446010e-14
9.210802634082250762e-14
9.122742881243513830e-14
9.034878093182001397e-14
8.947216365979468289e-14
8.859765795717681950e-14
8.772534478478402256e-14
8.685530510343392864e-14
8.598761987394416173e-14
8.512237005713233317e-14
8.425963661381605433e-14
8.339950050481296180e-14
8.254204269094065431e-14
8.168734413301680632e-14
8.083548579185897869e-14
7.998654862828482066e-14
7.914061360311194356e-14
7.829776167715798400e-14
7.745807381124055333e-14
7.662163096617725028e-14
7.578851410278573669e-14
7.495880418188361129e-14
7.413258216428849806e-14
7.330992622507975574e-14
7.249090339638366953e-14
7.167557792458829724e-14
7.086401405608164622e-14
7.005627603725177431e-14
6.925242811448672669e-14
6.845253453417448547e-14
6.765665954270312110e-14
6.686486738646067878e-14
6.607722231183516586e-14
6.529378856521462753e-14
6.451463039298709638e-14
6.373981204154059237e-14
6.296939775726317334e-14
6.220345178654287185e-14
6.144203837576770788e-14
6.068522177132572663e-14
5.993306621960496068e-14
5.918563596699342999e-14
5.844299525987919240e-14
5.770520834465026785e-14
5.697233946769468895e-14
5.624445287540048195e-14
5.552161281415570468e-14
5.480388353034837712e-14
5.409132927036652552e-14
5.338401428059819510e-14
5.268200280743141843e-14
5.198535909725423441e-14
5.129414081780827062e-14
5.060837932224959770e-14
4.992809938508786235e-14
4.925332578083274913e-14
4.858408328399391737e-14
4.792039666908102008e-14
4.726229071060372289e-14
4.660979018307171036e-14
4.596291986099462289e-14
4.532170451888213874e-14
4.468616893124391091e-14
4.405633787258960503e-14
4.343223611742889306e-14
4.281388844027144062e-14
4.220131961562690073e-14
4.159455441800494532e-14
4.099361762191524004e-14
4.039853400186744420e-14
3.980932833237122344e-14
3.922602538793624340e-14
3.864864994307216338e-14
3.807722677228865535e-14
3.751178065009537861e-14
3.695233635100198619e-14
3.639891864951816895e-14
3.585155232015356729e-14
3.531026213741785316e-14
3.477507287582069849e-14
3.424600930987174999e-14
3.372309621408069221e-14
3.320635836295717188e-14
3.269582053101086092e-14
3.219150749275142497e-14
3.169343644269456739e-14
3.120159425538015508e-14
3.071596022535410529e-14
3.023651364716232895e-14
2.976323381535073699e-14
2.929610002446523405e-14
2.883509156905173737e-14
2.838018774365616735e-14
2.793136784282442231e-14
2.748861116110241633e-14
2.705189699303606352e-14
2.662120463317128111e-14
2.619651337605397057e-14
2.577780251623004601e-14
2.536505134824542150e-14
2.495823916664601114e-14
2.455734526597772272e-14
2.416234894078646716e-14
2.377322948561815540e-14
2.338996619501870154e-14
2.301253836353401966e-14
2.264092528571001755e-14
2.227510625609260299e-14
2.191506056922769637e-14
2.156076751966120549e-14
2.121220640193903811e-14
2.086935651060711150e-14
2.053219714021133342e-14
2.020070758529761797e-14
1.987486714041187609e-14
1.955465510010001870e-14
1.924005075890795991e-14
1.893103341138160434e-14
1.862758235206687239e-14
1.832967687550966869e-14
1.803729627625590732e-14
1.775041984885150553e-14
1.746902175590738617e-14
1.719305563229453227e-14
1.692246998094897033e-14
1.665721330480669214e-14
1.639723410680371474e-14
1.614248088987604569e-14
1.589290215695968310e-14
1.564844641099065345e-14
1.540906215490495170e-14
1.517469789163858541e-14
1.494530212412756846e-14
1.472082335530790527e-14
1.450121008811560970e-14
1.428641082548667985e-14
1.407637407035713119e-14
1.387104832566297286e-14
1.367038209434020769e-14
1.347432387932484797e-14
1.328282218355289813e-14
1.309582550996036888e-14
1.291328236148326778e-14
1.273514124105760084e-14
1.256135065161938034e-14
1.239185909610461228e-14
1.222661507744930579e-14
1.206556709858946530e-14
1.190866366246110310e-14
1.175585327200022518e-14
1.160708443014284068e-14
1.146230563982495559e-14
1.132146540398258221e-14
1.118451222555172180e-14
1.105139460746838981e-14
1.092206105266859065e-14
1.079646006408833190e-14
1.067454014466362584e-14
1.055624979733047216e-14
1.044153752502488946e-14
1.033035183068287743e-14
1.022264062590176256e-14
1.011834945692412496e-14
1.001742327865386368e-14
9.919807045994868282e-15
9.825445713851037822e-15
9.734284237126268180e-15
9.646267570724453667e-15
9.561340669549490168e-15
9.479448488505273571e-15
9.400535982495704494e-15
9.324548106424667780e-15
9.251429815196067205e-15
9.181126063713797077e-15
9.113581806881750128e-15
9.048741999603826977e-15
8.986551596783918777e-15
8.926955553325922992e-15
8.869898824133733933e-15
8.815326364111250640e-15
8.763183128162365844e-15
8.713414071190975432e-15
8.665964148100976869e-15
8.620778313796262886e-15
8.577801523180730946e-15
8.536978731158275359e-15
8.498254892632793588e-15
8.461574962508181521e-15
8.426883895688331889e-15
8.394126647077143733e-15
8.363248171578511362e-15
8.334193424096329085e-15
8.306907359534494367e-15
8.281334932796901516e-15
8.257421098787446418e-15
8.235110812410026539e-15
8.214349028568533031e-15
8.195080702166869669e-15
8.177250788108924452e-15
8.160804241298594843e-15
8.145688879058802404e-15
8.131863968388550878e-15
8.119291638705880728e-15
8.107934019428822951e-15
8.097753239975406965e-15
8.088711429763671655e-15
8.080770718211644861e-15
8.073893234737363891e-15
8.068041108758859741e-15
8.063176469694164985e-15
8.059261446961315353e-15
8.056258169978341839e-15
8.054128768163278597e-15
8.052835370934156622e-15
8.052340107709014800e-15
8.052605107905879393e-15
8.053592500942786130e-15
8.055264416237769164e-15
8.057582983208861068e-15
8.060510331274095994e-15
8.064008589851506516e-15
8.068039888359123630e-15
8.072566356214981488e-15
8.077550122837117396e-15
8.082953317643557619e-15
8.088738070052341041e-15
8.094866509481500235e-15
8.101300765349063042e-15
8.108002967073068348e-15
8.114935244071547149e-15
8.122059725762532018e-15
8.129338541564057107e-15
8.136733820894154990e-15
8.144207693170858242e-15
8.151722287812204168e-15
8.159239734236219033e-15
8.166722161860943298e-15
8.174131700104403228e-15
8.181430478384637706e-15
8.188584673201860371e-15
8.195576649385028056e-15
8.202392818845283390e-15
8.209019593493765846e-15
8.215443385241613322e-15
8.221650605999968448e-15
8.227627667679972274e-15
8.233360982192764276e-15
8.238836961449483928e-15
8.244042017361275437e-15
8.248962561839273544e-15
8.253585006794624034e-15
8.257895764138461649e-15
8.261881245781930595e-15
8.265527863636173503e-15
8.268822029612323535e-15
8.271750155621531211e-15
8.274298653574926538e-15
8.276453935383655300e-15
8.278202412958860129e-15
8.279530498211675764e-15
8.280424603053246414e-15
8.280871139394713130e-15
8.280856519147212231e-15
8.280367154221889502e-15
8.279389456529881262e-15
8.277909837982330141e-15
8.275914710490375612e-15
8.273390485965155573e-15
8.270323576317815808e-15
8.266700393459494215e-15
8.262507349301330266e-15
8.257730855754463437e-15
8.252357324730037935e-15
8.246373168139191657e-15
8.239764797893065654e-15
8.232518625902799400e-15
8.224621064079533948e-15
8.216058524334410350e-15
8.206820550050649807e-15
8.196909210499813053e-15
8.186329706425531507e-15
8.175087238571444476e-15
8.163187007681194420e-15
8.150634214498412758e-15
8.137434059766743529e-15
8.123591744229821307e-15
8.109112468631283821e-15
8.094001433714770377e-15
8.078263840223918703e-15
8.061904888902368107e-15
8.044929780493754739e-15
8.027343715741716328e-15
8.009151895389892180e-15
7.990359520181920025e-15
7.970971790861436013e-15
7.950993908172081029e-15
7.930431072857491222e-15
7.909288485661305901e-15
7.887571347327162794e-15
7.865284858598698051e-15
7.842434220219550980e-15
7.819024632933359309e-15
7.795061297483762344e-15
7.770549414614397814e-15
7.745494185068901871e-15
7.719900809590913820e-15
7.693774488924071391e-15
7.667120423812012312e-15
7.639943814998375890e-15
7.612249863226798275e-15
7.584043769240918775e-15
7.555330733784375118e-15
7.526115957600805032e-15
7.496404641433844669e-15
7.466201986027136491e-15
7.435513192124316649e-15
7.404343460469019715e-15
7.372699224525083859e-15
7.340591848637123759e-15
7.308033929869951381e-15
7.275038065288380265e-15
7.241616851957220799e-15
7.207782886941288101e-15
7.173548767305390979e-15
7.138927090114346132e-15
7.103930452432960789e-15
7.068571451326052438e-15
7.032862683858429885e-15
6.996816747094905884e-15
6.960446238100293978e-15
6.923763753939405340e-15
6.886781891677052723e-15
6.849513248378048092e-15
6.811970421107204988e-15
6.774166006929333798e-15
6.736112602909248852e-15
6.697822806111760535e-15
6.659309213601682391e-15
6.620584422443827171e-15
6.581661029703005262e-15
6.542551632444030995e-15
6.503268827731715543e-15
6.463825212630871662e-15
6.424233384206310524e-15
6.384505939522846461e-15
6.344655475645290649e-15
6.304694589638455050e-15
6.264635878567153207e-15
6.224491939496195505e-15
6.184275369490396276e-15
6.143998765614566694e-15
6.103674724933519513e-15
6.063315844512066695e-15
6.022934721415020206e-15
5.982543952707193587e-15
5.942156135453398012e-15
5.901783369831106074e-15
5.861435768468430514e-15
5.821122947106143912e-15
5.780854521485018847e-15
5.740640107345827899e-15
5.700489320429342071e-15
5.660411776476335520e-15
5.620417091227581615e-15
5.580514880423848992e-15
5.540714759805914963e-15
5.501026345114548954e-15
5.461459252090524332e-15
5.422023096474613678e-15
5.382727494007588783e-15
5.343582060430223805e-15
5.304596411483289745e-15
5.265780162907559185e-15
5.227142930443806280e-15
5.188694329832802034e-15
5.150443976815319027e-15
5.112401487132129049e-15
5.074576476524007047e-15
5.036978560731722446e-15
4.999617355496050981e-15
4.962502476557762865e-15
4.925643539657631466e-15
4.889050160536428577e-15
4.852731954934928355e-15
4.816698538593901013e-15
4.780959527254120708e-15
4.745524536656360022e-15
4.710403182541390744e-15
4.675605080649984665e-15
4.641139846722915155e-15
4.607017096500955583e-15
4.573246445724877739e-15
4.539837510135454203e-15
4.506799905473457556e-15
4.474143247479658799e-15
4.441875857593844338e-15
4.410000880051843259e-15
4.378520164788500840e-15
4.347435561738658416e-15
4.316748920837158896e-15
4.286462092018845983e-15
4.256576925218561010e-15
4.227095270371146889e-15
4.198018977411447319e-15
4.169349896274305214e-15
4.141089876894562694e-15
4.113240769207062672e-15
4.085804423146648849e-15
4.058782688648163347e-15
4.032177415646449078e-15
4.005990454076348164e-15
3.980223653872705095e-15
3.954878864970361205e-15
3.929957937304159405e-15
3.905462720808943395e-15
3.881395065419555300e-15
3.857756821070838029e-15
3.834549837697635283e-15
3.811775965234789186e-15
3.789437053617141860e-15
3.767534952779537005e-15
3.746071512656817534e-15
3.725048583183825568e-15
3.704468014295404019e-15
3.684331655926396589e-15
3.664641358011646187e-15
3.645398970485993360e-15
3.626606343284283386e-15
3.608265326341358387e-15
3.590377769592061275e-15
3.572945522971234173e-15
3.555970436413719992e-15
3.539454359854363221e-15
3.523399143228004406e-15
3.507805518417648874e-15
3.492669745098944516e-15
3.477986964895701636e-15
3.463752319431728176e-15
3.449960950330835229e-15
3.436607999216832314e-15
3.423688607713528158e-15
3.411197917444733857e-15
3.399131070034256561e-15
3.387483207105908549e-15
3.376249470283496970e-15
3.365425001190833315e-15
3.355004941451725917e-15
3.344984432689984294e-15
3.335358616529419541e-15
3.326122634593839992e-15
3.317271628507055557e-15
3.308800739892875361e-15
3.300705110375109315e-15
3.292979881577567330e-15
3.285620195124058529e-15
3.278621192638392430e-15
3.271978015744379339e-15
3.265685806065827984e-15
3.259739705226548276e-15
3.254134854850349339e-15
3.248866396561041873e-15
3.243929471982434606e-15
3.239319222738337451e-15
3.235030790452559135e-15
3.231059316748910359e-15
3.227399943251200246e-15
3.224047811583238708e-15
3.220998063368834866e-15
3.218245840231798634e-15
3.215786283795938740e-15
3.213614535685065883e-15
3.211725737522988793e-15
3.210115030933517775e-15
3.208777178482121339e-15
3.207705426500905936e-15
3.206892642263638586e-15
3.206331693044083943e-15
3.206015446116009028e-15
3.205936768753179283e-15
3.206088528229360152e-15
3.206463591818319443e-15
3.207054826793821023e-15
3.207855100429633095e-15
3.208857279999519523e-15
3.210054232777247724e-15
3.211438826036583534e-15
3.213003927051292002e-15
3.214742403095140937e-15
3.216647121441893809e-15
3.218710949365319218e-15
3.220926754139181029e-15
3.223287403037246261e-15
3.225785763333281541e-15
3.228414702301051918e-15
3.231167087214323623e-15
3.234035785346862494e-15
3.237013663972434761e-15
3.240093590364806658e-15
3.243268431797744415e-15
3.246531055545012687e-15
3.249874328880378889e-15
3.253291119077608069e-15
3.256774293410467247e-15
3.260316719152721078e-15
3.263911263578136977e-15
3.267550793960479597e-15
3.271228177573515960e-15
3.274936281691011902e-15
3.278667973586732867e-15
3.282416120534445874e-15
3.286173589807915973e-15
3.289933248680909395e-15
3.293688323463367181e-15
3.297433476609928423e-15
3.301163729611407416e-15
3.304874103958619245e-15
3.308559621142377022e-15
3.312215302653495438e-15
3.315836169982788787e-15
3.319417244621071760e-15
3.322953548059157469e-15
3.326440101787861392e-15
3.329871927297997037e-15
3.333244046080379488e-15
3.336551479625822252e-15
3.339789249425138440e-15
3.342952376969144715e-15
3.346035883748654190e-15
3.349034791254480765e-15
3.351944120977439130e-15
3.354758894408342792e-15
3.357474133038008019e-15
3.360084858357246345e-15
3.362586091856874433e-15
3.364972855027705000e-15
3.367240169360552735e-15
3.369383056346232331e-15
3.371396537475556897e-15
3.373275634239341914e-15
3.375015368128401677e-15
3.376610760633549297e-15
3.378056833245599072e-15
3.379348607455366873e-15
3.380481104753665025e-15
3.381449346631309005e-15
3.382248354579112322e-15
3.382873150087890453e-15
3.383318754648456117e-15
3.383580189751624397e-15
3.383652476888209591e-15
3.383530637549025597e-15
3.383210397325614736e-15
3.382690298212431421e-15
3.381969586304658480e-15
3.381047507697477168e-15
3.379923308486069920e-15
3.378596234765620356e-15
3.377065532631308938e-15
3.375330448178319682e-15
3.373390227501833445e-15
3.371244116697033846e-15
3.368891361859102138e-15
3.366331209083220363e-15
3.363562904464572534e-15
3.360585694098339115e-15
3.357398824079703726e-15
3.354001540503848013e-15
3.350393089465954412e-15
3.346572717061204966e-15
3.342539669384782898e-15
3.338293192531869068e-15
3.333832532597647093e-15
3.329156935677298622e-15
3.324265647866006091e-15
3.319157915258951540e-15
3.313832983951318196e-15
3.308290100038287309e-15
3.302528509615041317e-15
3.296547458776762656e-15
3.290346193618634549e-15
3.283923960235838251e-15
3.277280004723556196e-15
3.270413573176970821e-15
3.263323911691264562e-15
3.256010266361619460e-15
3.248471883283217952e-15
3.240708008551242472e-15
3.232717888260875458e-15
3.224500768507298556e-15
3.216055895385694597e-15
3.207383101667024316e-15
3.198484566825362826e-15
3.189363057010563146e-15
3.180021338372478294e-15
3.170462177060962867e-15
3.160688339225869094e-15
3.150702591017051176e-15
3.140507698584363316e-15
3.130106428077656164e-15
3.119501545646785502e-15
3.108695817441603952e-15
3.097692009611965716e-15
3.086492888307723418e-15
3.075101219678729682e-15
3.063519769874839500e-15
3.051751305045905493e-15
3.039798591341781077e-15
3.027664394912319268e-15
3.015351481907374663e-15
3.002862618476799886e-15
2.990200570770448350e-15
2.977368104938173468e-15
2.964367987129828652e-15
2.951202983495267710e-15
2.937875860184343265e-15
2.924389383346910309e-15
2.910746319132819887e-15
2.896949433691927385e-15
2.883001493174085032e-15
2.868905263729146634e-15
2.854663511506966001e-15
2.840279002657396149e-15
2.825754503330290098e-15
2.811092779675502443e-15
2.796296597842885414e-15
2.781368723982292819e-15
2.766311924243578463e-15
2.751128964776594973e-15
2.735822611731196154e-15
2.720395826935965390e-15
2.704852354934401219e-15
2.689196135948734514e-15
2.673431110201193781e-15
2.657561217914008319e-15
2.641590399309408211e-15
2.625522594609622754e-15
2.609361744036880455e-15
2.593111787813411005e-15
2.576776666161444489e-15
2.560360319303209809e-15
2.543866687460935473e-15
2.527299710856852353e-15
2.510663329713188958e-15
2.493961484252174584e-15
2.477198114696038922e-15
2.460377161267011267e-15
2.443502564187321311e-15
2.426578263679197561e-15
2.409608199964870496e-15
2.392596313266568229e-15
2.375546543806521635e-15
2.358462831806958431e-15
2.341349117490109098e-15
2.324209341078202537e-15
2.307047442793468834e-15
2.289867362858136100e-15
2.272673041494434422e-15
2.255468418924593096e-15
2.238257435370841812e-15
2.221044031055409472e-15
2.203832146200526161e-15
2.186625721028419992e-15
2.169428695761321051e-15
2.152245010621459422e-15
2.135078605831063613e-15
2.117933421612362525e-15
2.100813398187586245e-15
2.083722475778964461e-15
2.066664405335915448e-15
2.049642180716618910e-15
2.032658606506443134e-15
2.015716487290756012e-15
1.998818627654926224e-15
1.981967832184323636e-15
1.965166905464315745e-15
1.948418652080270445e-15
1.931725876617557598e-15
1.915091383661545492e-15
1.898517977797602414e-15
1.882008463611097044e-15
1.865565645687397670e-15
1.849192328611872973e-15
1.832891316969892028e-15
1.816665415346823123e-15
1.800517428328034148e-15
1.784450160498894575e-15
1.768466416444772888e-15
1.752569000751036978e-15
1.736760718003056119e-15
1.721044372786198400e-15
1.705422769685832896e-15
1.689898713287327697e-15
1.674475008176051485e-15
1.659154458937373138e-15
1.643939870156660548e-15
1.628834046419282987e-15
1.613839792310608546e-15
1.598959912416006300e-15
1.584197211320844339e-15
1.569554493610491343e-15
1.555034563870315797e-15
1.540640226685686776e-15
1.526374286641972173e-15
1.512239548324540866e-15
1.498238816318761733e-15
1.484374895210002469e-15
1.470650589583632545e-15
1.457068325923745406e-15
1.443629018309335327e-15
1.430333202718122730e-15
1.417181415127826851e-15
1.404174191516167716e-15
1.391312067860864563e-15
1.378595580139638009e-15
1.366025264330207686e-15
1.353601656410292634e-15
1.341325292357613274e-15
1.329196708149889434e-15
1.317216439764840746e-15
1.305385023180186841e-15
1.293702994373647352e-15
1.282170889322942698e-15
1.270789244005792118e-15
1.259558594399915439e-15
1.248479476483032490e-15
1.237552426232863102e-15
1.226777979627127298e-15
1.216156672643544515e-15
1.205689041259834580e-15
1.195375621453717126e-15
1.185216949202912179e-15
1.175213560485139566e-15
1.165365991278118724e-15
1.155674777559569875e-15
1.146140455307212650e-15
1.136763560498766484e-15
1.127544629111951601e-15
1.118484197124487632e-15
1.109582800514094011e-15
1.100840975258490962e-15
1.092259257335398314e-15
1.083838182722535697e-15
1.075578287397622745e-15
1.067480107338379088e-15
1.059544178522525147e-15
1.051771036927780159e-15
1.044160897981222731e-15
1.036712694907366180e-15
1.029425040380082603e-15
1.022296547073243898e-15
1.015325827660721767e-15
1.008511494816388897e-15
1.001852161214116990e-15
9.953464395277779444e-16
9.889929424312436587e-16
9.827902825983864260e-16
9.767370727030783423e-16
9.708319254191911089e-16
9.650734534205966244e-16
9.594602693811671820e-16
9.539909859747748774e-16
9.486642158752914122e-16
9.434785717565888820e-16
9.384326662925395801e-16
9.335251121570150106e-16
9.287545220238876638e-16
9.241195085670292411e-16
9.196186844603116411e-16
9.152506623776073542e-16
9.110140549927878845e-16
9.069074749797257224e-16
9.029295350122923719e-16
8.990788477643601263e-16
8.953540259098008840e-16
8.917536821224867411e-16
8.882764290762897933e-16
8.849208794450818406e-16
8.816856459027348804e-16
8.785693411231211070e-16
8.755705777801125176e-16
8.726879685475810111e-16
8.699201260993984859e-16
8.672656631094371365e-16
8.647231922515689602e-16
8.622913261996658556e-16
8.599685585110543399e-16
8.577529062768784179e-16
8.556422674717369103e-16
8.536345400702280461e-16
8.517276220469504488e-16
8.499194113765029389e-16
8.482078060334836469e-16
8.465907039924914920e-16
8.450660032281246046e-16
8.436316017149820025e-16
8.422853974276619148e-16
8.410252883407630634e-16
8.398491724288837760e-16
8.387549476666227747e-16
8.377405120285784855e-16
8.368037634893496306e-16
8.359426000235347348e-16
8.351549196057321257e-16
8.344386202105404266e-16
8.337915998125584583e-16
8.332117563863844497e-16
8.326969879066170243e-16
8.322451923478548055e-16
8.318542676846963180e-16
8.315221118917401854e-16
8.312466229435846366e-16
8.310256988148285909e-16
8.308572374800702772e-16
8.307391369139085163e-16
8.306692950909417342e-16
8.306456099857686531e-16
8.306659795729874033e-16
8.307283018271968055e-16
8.308304747229955818e-16
8.309703962349818624e-16
8.311459643377544680e-16
8.313550770059118249e-16
8.315956322140527536e-16
8.318655279367753847e-16
8.321627490191415867e-16
8.324856277880648291e-16
8.328325834409222209e-16
8.332020351750900825e-16
8.335924021879452271e-16
8.340021036768643694e-16
8.344295588392243227e-16
8.348731868724019988e-16
8.353314069737735208e-16
8.358026383407161950e-16
8.362853001706063417e-16
8.367778116608210700e-16
8.372785920087367000e-16
8.377860604117300452e-16
8.382986360671781160e-16
8.388147381724571340e-16
8.393327859249444055e-16
8.398511985220162509e-16
8.403683951610493847e-16
8.408827950394207189e-16
8.413928173545067709e-16
8.418968813036844527e-16
8.423934060843303802e-16
8.428808108938212683e-16
8.433575149295339300e-16
8.438219373888448830e-16
8.442724974691309405e-16
8.447076143677691130e-16
8.451257072821356221e-16
8.455251954096075770e-16
8.459044979475612978e-16
8.462620340933738938e-16
8.465962230444220795e-16
8.469054839980821752e-16
8.471882361517311915e-16
8.474428987027459415e-16
8.476678908485029428e-16
8.478616317863790087e-16
8.480225407137507552e-16
8.481492264172449488e-16
8.482410560404880702e-16
8.482975863163564547e-16
8.483183739777264376e-16
8.483029757574747486e-16
8.482509483884774272e-16
8.481618486036109074e-16
8.480352331357520174e-16
8.478706587177765995e-16
8.476676820825614820e-16
8.474258599629829017e-16
8.471447490919171938e-16
8.468239062022408909e-16
8.464628880268303282e-16
8.460612512985620383e-16
8.456185527503122578e-16
8.451343491149574207e-16
8.446081971253740594e-16
8.440396535144385093e-16
8.434282750150274015e-16
8.427736183600167755e-16
8.420752402822830651e-16
8.413326975147028030e-16
8.405455467901525215e-16
8.397133448415083588e-16
8.388356484016469459e-16
8.379120142034446183e-16
8.369419989797777112e-16
8.359251594635228557e-16
8.348610523875560913e-16
8.337492344847541477e-16
8.325892624879932617e-16
8.313806931301499656e-16
8.301230831441005949e-16
8.288159892627215834e-16
8.274589682188891678e-16
8.260515767454800779e-16
8.245933715753703531e-16
8.230839094414368218e-16
8.215229131226958889e-16
8.199107695827268025e-16
8.182480318312480911e-16
8.165352528779792696e-16
8.147729857326392613e-16
8.129617834049474822e-16
8.111021989046226583e-16
8.091947852413843045e-16
8.072400954249513440e-16
8.052386824650430942e-16
8.031910993713783799e-16
8.010978991536767158e-16
7.989596348216568278e-16
7.967768593850380336e-16
7.945501258535397493e-16
7.922799872368806023e-16
7.899669965447803047e-16
7.876117067869574838e-16
7.852146709731314572e-16
7.827764421130212466e-16
7.802975732163462683e-16
7.777786172928254455e-16
7.752201273521778985e-16
7.726226564041229449e-16
7.699867574583794093e-16
7.673129835246668065e-16
7.646018876127039610e-16
7.618540227322102891e-16
7.590699418929045168e-16
7.562501981045062574e-16
7.533953443767341383e-16
7.505059337193078715e-16
7.475825191419459858e-16
7.446256536543681932e-16
7.416358902662931210e-16
7.386137819874402841e-16
7.355598818275286056e-16
7.324747427962773045e-16
7.293589179034054026e-16
7.262130237486281403e-16
7.230379312916447448e-16
7.198345750821504646e-16
7.166038896698402526e-16
7.133468096044095546e-16
7.100642694355532248e-16
7.067572037129669062e-16
7.034265469863454529e-16
7.000732338053843108e-16
6.966981987197784327e-16
6.933023762792233630e-16
6.898867010334137586e-16
6.864521075320453612e-16
6.829995303248130250e-16
6.795299039614120971e-16
6.760441629915375304e-16
6.725432419648848692e-16
6.690280754311491650e-16
6.654995979400257650e-16
6.619587440412095234e-16
6.584064482843958859e-16
6.548436452192800025e-16
6.512712693955569247e-16
6.476902553629219997e-16
6.441015376710703774e-16
6.405060508696974051e-16
6.369047295084981341e-16
6.332985081371676158e-16
6.296883213054012961e-16
6.260751035628942264e-16
6.224597894593417538e-16
6.188433135444388311e-16
6.152266103678809042e-16
6.116106144793629258e-16
6.079962604285804404e-16
6.043844827652283020e-16
6.007762160390018581e-16
5.971723947995962584e-16
5.935739535967067517e-16
5.899817846409959577e-16
5.863966107869959810e-16
5.828191125502069874e-16
5.792499704461283542e-16
5.756898649902599515e-16
5.721394766981014521e-16
5.685994860851527263e-16
5.650705736669135456e-16
5.615534199588833856e-16
5.580487054765622151e-16
5.545571107354497071e-16
5.510793162510456331e-16
5.476160025388497647e-16
5.441678501143615774e-16
5.407355394930813360e-16
5.373197511905083189e-16
5.339211657221423963e-16
5.305404636034833396e-16
5.271783253500309204e-16
5.238354314772847131e-16
5.205124625007446864e-16
5.172100989359105133e-16
5.139290212982818665e-16
5.106699101033585178e-16
5.074334458666402385e-16
5.042203091036268003e-16
5.010311803298178761e-16
4.978667400607131388e-16
4.947276688118124586e-16
4.916146470986155083e-16
4.885283554366220596e-16
4.854694743413317853e-16
4.824386843282445556e-16
4.794366659128601420e-16
4.764640996106781188e-16
4.735216659371982576e-16
4.706100454079203299e-16
4.677299185383441073e-16
4.648819658439693612e-16
4.620667724550851410e-16
4.592845419611381984e-16
4.565353825663647600e-16
4.538194024750008554e-16
4.511367098912828099e-16
4.484874130194465542e-16
4.458716200637284138e-16
4.432894392283645167e-16
4.407409787175907937e-16
4.382263467356436195e-16
4.357456514867591222e-16
4.332990011751733804e-16
4.308865040051225717e-16
4.285082681808426761e-16
4.261644019065701670e-16
4.238550133865409751e-16
4.215802108249912285e-16
4.193401024261571540e-16
4.171347963942748795e-16
4.149644009335805333e-16
4.128290242483102433e-16
4.107287745427002363e-16
4.086637600209865910e-16
4.066340888874054848e-16
4.046398693461929966e-16
4.026812096015853529e-16
4.007582178578187312e-16
3.988710023191291610e-16
3.970196711897527703e-16
3.952043326739258844e-16
3.934250949758845328e-16
3.916820662998648929e-16
3.899753548501030435e-16
3.883050688308351126e-16
3.866713164462974256e-16
3.850742059007259626e-16
3.835138453983569010e-16
3.819903431434264182e-16
3.805038073401706423e-16
3.790542638376254247e-16
3.776414090640252150e-16
3.762648570924043339e-16
3.749242219957967572e-16
3.736191178472368548e-16
3.723491587197587504e-16
3.711139586863966663e-16
3.699131318201847751e-16
3.687462921941571514e-16
3.676130538813481650e-16
3.665130309547919398e-16
3.654458374875226484e-16
3.644110875525744638e-16
3.634083952229816082e-16
3.624373745717783038e-16
3.614976396719985756e-16
3.605888045966768922e-16
3.597104834188471801e-16
3.588622902115437107e-16
3.580438390478008048e-16
3.572547440006524381e-16
3.564946191431329315e-16
3.557630785482765070e-16
3.550597362891171896e-16
3.543842064386893495e-16
3.537361030700271103e-16
3.531150402561645462e-16
3.525206320701360273e-16
3.519524925849756773e-16
3.514102358737176196e-16
3.508934760093961751e-16
3.504018270650454181e-16
3.499349031136995214e-16
3.494923182283927566e-16
3.490736864821593458e-16
3.486786219480333140e-16
3.483067386990490313e-16
3.479576508082405228e-16
3.476309723486421584e-16
3.473262891404956077e-16
3.470430739928731185e-16
3.467807714620546818e-16
3.465388261043200418e-16
3.463166824759490910e-16
3.461137851332217710e-16
3.459295786324177769e-16
3.457635075298171981e-16
3.456150163816997792e-16
3.454835497443453139e-16
3.453685521740338422e-16
3.452694682270451088e-16
3.451857424596590552e-16
3.451168194281553765e-16
3.450621436888142115e-16
3.450211597979152060e-16
3.449933123117383018e-16
3.449780457865633417e-16
3.449748047786702675e-16
3.449830338443388728e-16
3.450021775398490992e-16
3.450316804214807405e-16
3.450709870455136397e-16
3.451195419682277877e-16
3.451767897459028303e-16
3.452421749348189064e-16
3.453151420912557110e-16
3.453951357714931365e-16
3.454816005318110752e-16
3.455739809284894195e-16
3.456717215178079629e-16
3.457742668560465980e-16
3.458810614994852169e-16
3.459915500044036627e-16
3.461051769270818277e-16
3.462213868237995549e-16
3.463396242508367367e-16
3.464593337644731668e-16
3.465799599209887868e-16
3.467009744580026776e-16
3.468219578384905763e-16
3.469425177067677042e-16
3.470622617071489378e-16
3.471807974839494490e-16
3.472977326814842129e-16
3.474126749440683522e-16
3.475252319160169406e-16
3.476350112416449035e-16
3.477416205652673639e-16
3.478446675311994446e-16
3.479437597837560712e-16
3.480385049672524159e-16
3.481285107260034041e-16
3.482133847043241096e-16
3.482927345465296551e-16
3.483661678969351141e-16
3.484332923998554615e-16
3.484937156996057217e-16
3.485470454405010666e-16
3.485928892668564220e-16
3.486308548229869600e-16
3.486605497532076062e-16
3.486815817018334834e-16
3.486935583131797144e-16
3.486960872315611756e-16
3.486887761012929898e-16
3.486712325666902799e-16
3.486430642720680699e-16
3.486038788617413843e-16
3.485532839800252965e-16
3.484908872712347814e-16
3.484162963796850112e-16
3.483291189496909114e-16
3.482289626255676543e-16
3.481154350516302640e-16
3.479881438721936168e-16
3.478466967315730822e-16
3.476907012740834871e-16
3.475198193587791045e-16
3.473339297036706113e-16
3.471329652415082781e-16
3.469168589050417839e-16
3.466855436270212023e-16
3.464389523401964096e-16
3.461770179773174299e-16
3.458996734711343860e-16
3.456068517543968583e-16
3.452984857598551176e-16
3.449745084202590402e-16
3.446348526683585515e-16
3.442794514369037745e-16
3.439082376586443388e-16
3.435211442663305645e-16
3.431181041927121799e-16
3.426990503705391599e-16
3.422639157325615287e-16
3.418126332115293104e-16
3.413451357401923815e-16
3.408613562513007166e-16
3.403612276776042414e-16
3.398446829518529802e-16
3.393116550067968583e-16
3.387620767751858509e-16
3.381958811897699326e-16
3.376130011832989799e-16
3.370133696885231154e-16
3.363969196381921662e-16
3.357635839650561071e-16
3.351132956018649130e-16
3.344459874813686082e-16
3.337615925363169701e-16
3.330600436994601711e-16
3.323412739035480873e-16
3.316052160813307429e-16
3.308518031655579649e-16
3.300809680889798267e-16
3.292926437843462047e-16
3.284868093996379717e-16
3.276636289437594445e-16
3.268233126408457393e-16
3.259660707150320710e-16
3.250921133904535556e-16
3.242016508912453094e-16
3.232948934415426459e-16
3.223720512654805332e-16
3.214333345871942355e-16
3.204789536308189676e-16
3.195091186204897470e-16
3.185240397803418379e-16
3.175239273345104058e-16
3.165089915071304189e-16
3.154794425223374372e-16
3.144354906042661824e-16
3.133773459770521158e-16
3.123052188648302551e-16
3.112193194917357164e-16
3.101198580819038625e-16
3.090070448594697108e-16
3.078810900485684270e-16
3.067422038733351271e-16
3.055905965579050754e-16
3.044264783264133879e-16
3.032500594029952303e-16
3.020615500117857679e-16
3.008611603769201170e-16
2.996491007225334430e-16
2.984255812727609609e-16
2.971908122517378360e-16
2.959450038835991352e-16
2.946883663924801227e-16
2.934211100025159639e-16
2.921434449378416765e-16
2.908555814225925245e-16
2.895577296809036734e-16
2.882500999369102395e-16
2.869329024147474374e-16
2.856063635606356500e-16
2.842707747091363750e-16
2.829264434168962782e-16
2.815736772405621239e-16
2.802127837367806272e-16
2.788440704621985523e-16
2.774678449734625652e-16
2.760844148272194300e-16
2.746940875801158125e-16
2.732971707887985757e-16
2.718939720099143360e-16
2.704847988001097592e-16
2.690699587160317081e-16
2.676497593143267992e-16
2.662245081516418955e-16
2.647945127846236134e-16
2.633600807699186187e-16
2.619215196641737742e-16
2.604791370240357457e-16
2.590332404061512483e-16
2.575841373671670463e-16
2.561321354637298054e-16
2.546775422524862900e-16
2.532206652900832151e-16
2.517618121331673450e-16
2.503012903383853455e-16
2.488394074623839317e-16
2.473764710618099172e-16
2.459127886933099676e-16
2.444486679135307981e-16
2.429844162791191237e-16
2.415203413467217580e-16
2.400567506729853175e-16
2.385939518145565664e-16
2.371322523280822693e-16
2.356719597702091410e-16
2.342133816975838473e-16
2.327568256668531526e-16
2.313025992346637719e-16
2.298509955763849142e-16
2.284022503422753211e-16
2.269565848013164743e-16
2.255142202224895602e-16
2.240753778747759127e-16
2.226402790271568659e-16
2.212091449486136306e-16
2.197821969081276641e-16
2.183596561746801032e-16
2.169417440172523806e-16
2.155286817048257564e-16
2.141206905063815153e-16
2.127179916909010161e-16
2.113208065273654941e-16
2.099293562847563082e-16
2.085438622320547676e-16
2.071645456382421079e-16
2.057916277722996877e-16
2.044253299032088411e-16
2.030658732999508281e-16
2.017134792315069583e-16
2.003683689668585163e-16
1.990307637749868609e-16
1.977008849248732520e-16
1.963789536854990485e-16
1.950651913258454612e-16
1.937598191148938980e-16
1.924630583216255697e-16
1.911751302150218843e-16
1.898962560640640774e-16
1.886266571377334336e-16
1.873665547050113609e-16
1.861161700348789962e-16
1.848757243963178214e-16
1.836454390583090473e-16
1.824255352898339834e-16
1.812162343598739637e-16
1.800177575374102729e-16
1.788303260914241958e-16
1.776541316522652546e-16
1.764892472957556254e-16
1.753357164590857217e-16
1.741935825794458587e-16
1.730628890940264004e-16
1.719436794400177606e-16
1.708359970546103281e-16
1.697398853749944425e-16
1.686553878383604682e-16
1.675825478818988187e-16
1.665214089427998583e-16
1.654720144582539265e-16
1.644344078654514124e-16
1.634086326015826803e-16
1.623947321038381682e-16
1.613927498094081420e-16
1.604027291554830644e-16
1.594247135792532751e-16
1.584587465179091631e-16
1.575048714086410679e-16
1.565631316886393786e-16
1.556335707950944839e-16
1.547162321651967482e-16
1.538111592361365111e-16
1.529183954451041861e-16
1.520379842292901623e-16
1.511699690258847792e-16
1.503143932720784258e-16
1.494713004050614663e-16
1.486407338620242897e-16
1.478227370801572355e-16
1.470173534966507174e-16
1.462246265486950503e-16
1.454445996734806725e-16
1.446773163081979235e-16
1.439228198900371924e-16
1.431811538561888680e-16
1.424523616438432653e-16
1.417364866901907978e-16
1.410335467941796210e-16
1.403434572017890788e-16
1.396661075207562570e-16
1.390013873588183401e-16
1.383491863237123398e-16
1.377093940231754652e-16
1.370819000649448022e-16
1.364665940567574858e-16
1.358633656063505771e-16
1.352721043214612359e-16
1.346926998098265973e-16
1.341250416791837224e-16
1.335690195372698203e-16
1.330245229918219028e-16
1.324914416505771544e-16
1.319696651212726853e-16
1.314590830116456062e-16
1.309595849294330274e-16
1.304710604823720347e-16
1.299933992781998372e-16
1.295264909246534960e-16
1.290702250294700969e-16
1.286244912003868243e-16
1.281891790451407394e-16
1.277641781714690265e-16
1.273493781871087468e-16
1.269446686997970107e-16
1.265499393172709533e-16
1.261650796472677344e-16
1.257899792975244151e-16
1.254245278757781305e-16
1.250686149897659910e-16
1.247221302472251564e-16
1.243849632558926632e-16
1.240570036235057450e-16
1.237381409578014138e-16
1.234282648665168292e-16
1.231272649573891017e-16
1.228350308381553665e-16
1.225514424537292168e-16
1.222763410977302027e-16
1.220095584009544558e-16
1.217509259941979598e-16
1.215002755082567969e-16
1.212574385739270495e-16
1.210222468220047504e-16
1.207945318832860066e-16
1.205741253885668265e-16
1.203608589686432923e-16
1.201545642543114863e-16
1.199550728763674415e-16
1.197622164656072154e-16
1.195758266528268658e-16
1.193957350688224995e-16
1.192217733443901003e-16
1.190537731103257996e-16
1.188915659974256306e-16
1.187349836364856753e-16
1.185838576583019423e-16
1.184380196936705384e-16
1.182973013733875211e-16
1.181615343282489483e-16
1.180305501890508528e-16
1.179041805865893415e-16
1.177822571516604228e-16
1.176646115150602283e-16
1.175510753075847416e-16
1.174414801600300696e-16
1.173356577031922454e-16
1.172334395678673759e-16
1.171346573848514940e-16
1.170391427849406327e-16
1.169467273989308989e-16
1.168572428576183257e-16
1.167705207917989706e-16
1.166863928322689406e-16
1.166046906098242440e-16
1.165252457552609630e-16
1.164478968845993850e-16
1.163725105547566915e-16
1.162989603078742935e-16
1.162271196860936269e-16
1.161568622315560781e-16
1.160880614864030583e-16
1.160205909927759786e-16
1.159543242928162995e-16
1.158891349286653581e-16
1.158248964424646395e-16
1.157614823763555055e-16
1.156987662724793920e-16
1.156366216729777594e-16
1.155749221199918709e-16
1.155135411556633103e-16
1.154523523221334145e-16
1.153912291615435457e-16
1.153300452160352380e-16
1.152686740277497794e-16
1.152069891388286797e-16
1.151448640914133006e-16
1.150821724276450780e-16
1.150187876896654229e-16
1.149545834196157220e-16
1.148894331596374109e-16
1.148232104518719008e-16
1.147557888384605782e-16
1.146870418615449035e-16
1.146168430632662632e-16
1.145450659857660685e-16
1.144715841711857304e-16
1.143962711616666848e-16
1.143190004993503182e-16
1.142396457263780170e-16
1.141580803848912663e-16
1.140741780170314526e-16
1.139878121649399624e-16
1.138988563707582316e-16
1.138071841766276711e-16
1.137126844832821911e-16
1.136153076258257718e-16
1.135150192979549166e-16
1.134117851933660800e-16
1.133055710057557410e-16
1.131963424288204526e-16
1.130840651562566197e-16
1.129687048817607461e-16
1.128502272990293107e-16
1.127285981017588419e-16
1.126037829836457694e-16
1.124757476383866214e-16
1.123444577596778770e-16
1.122098790412159659e-16
1.120719771766974411e-16
1.119307178598187568e-16
1.117860667842763675e-16
1.116379896437668015e-16
1.114864521319865377e-16
1.113314199426320552e-16
1.111728587693998330e-16
1.110107343059863501e-16
1.108450122460880978e-16
1.106756582834015674e-16
1.105026381116232380e-16
1.103259174244495639e-16
1.101454619155770858e-16
1.099612372787022579e-16
1.097732092075215594e-16
1.095813433957314692e-16
1.093856055370284909e-16
1.091859613251091036e-16
1.089823764536697863e-16
1.087748166164070180e-16
1.085632475070173023e-16
1.083476348191971060e-16
1.081279442466429203e-16
1.079041414830512119e-16
1.076761922221184969e-16
1.074440757105290585e-16
1.072078254069185574e-16
1.069674883229104340e-16
1.067231114701281164e-16
1.064747418601951064e-16
1.062224265047348569e-16
1.059662124153707958e-16
1.057061466037264128e-16
1.054422760814251359e-16
1.051746478600904672e-16
1.049033089513458100e-16
1.046283063668146786e-16
1.043496871181204764e-16
1.040674982168866930e-16
1.037817866747367812e-16
1.034925995032941813e-16
1.031999837141823707e-16
1.029039863190248266e-16
1.026046543294449526e-16
1.023020347570662627e-16
1.019961746135121729e-16
1.016871209104061481e-16
1.013749206593716779e-16
1.010596208720321781e-16
1.007412685600111507e-16
1.004199107349319990e-16
1.000955944084182127e-16
9.976836659209325683e-17
9.943827429758057173e-17
9.910536453650363473e-17
9.876968432048587388e-17
9.843128066115076651e-17
9.809020057012177763e-17
9.774649105902234760e-17
9.740019913947594143e-17
9.705137182310601182e-17
9.670005612153603609e-17
9.634629904638945460e-17
9.599014760928972004e-17
9.563165403073460351e-17
9.527089136671908814e-17
9.490793788211243847e-17
9.454287184178394371e-17
9.417577151060285611e-17
9.380671515343850184e-17
9.343578103516012081e-17
9.306304742063701456e-17
9.268859257473844764e-17
9.231249476233372159e-17
9.193483224829208864e-17
9.155568329748283799e-17
9.117512617477525887e-17
9.079323914503860350e-17
9.041010047314218573e-17
9.002578842395524549e-17
8.964038126234710894e-17
8.925395725318701601e-17
8.886659466134426822e-17
8.847837175168813013e-17
8.808936678908790328e-17
8.769965803841283989e-17
8.730932376453224151e-17
8.691844223231536036e-17
8.652709170663149798e-17
8.613535045234993126e-17
8.574329673433992474e-17
8.535100881747076765e-17
8.495856496661174918e-17
8.456604344663213390e-17
8.417352252240121101e-17
8.378108045878824508e-17
8.338879552066253764e-17
8.299674597289334091e-17
8.260501008034996876e-17
8.221366610790166110e-17
8.182279232041771946e-17
8.143246698276742073e-17
8.104276835982004178e-17
8.065377125979759125e-17
8.026553666433299245e-17
7.987812209841191275e-17
7.949158508701995791e-17
7.910598315514280764e-17
7.872137382776614163e-17
7.833781462987556563e-17
7.795536308645678402e-17
7.757407672249537788e-17
7.719401306297705158e-17
7.681522963288744784e-17
7.643778395721220939e-17
7.606173356093700362e-17
7.568713596904744859e-17
7.531404870652924867e-17
7.494252929836799728e-17
7.457263526954937412e-17
7.420442414505904659e-17
7.383795344988264507e-17
7.347328070900582463e-17
7.311046344741424032e-17
7.274955919009354719e-17
7.239062546202938797e-17
7.203371978820741772e-17
7.167889969361329149e-17
7.132622270323266433e-17
7.097574634205117898e-17
7.062752813505449049e-17
7.028162560722825391e-17
6.993809628355812429e-17
6.959699768902973205e-17
6.925838734862874455e-17
6.892232278734084151e-17
6.858886153015162868e-17
6.825806110204677343e-17
6.792997902801191850e-17
6.760467283303274359e-17
6.728220004209489143e-17
6.696261818018399242e-17
6.664597684316406900e-17
6.633229391041253916e-17
6.602157933218517594e-17
6.571384305873772773e-17
6.540909504032596759e-17
6.510734522720569321e-17
6.480860356963264065e-17
6.451288001786260761e-17
6.422018452215133016e-17
6.393052703275461833e-17
6.364391749992822050e-17
6.336036587392789740e-17
6.307988210500944672e-17
6.280247614342859220e-17
6.252815793944115619e-17
6.225693744330287477e-17
6.198882460526952096e-17
6.172382937559688016e-17
6.146196170454070074e-17
6.120323154235678041e-17
6.094764883930085523e-17
6.069522354562871057e-17
6.044596561159611948e-17
6.019988498745885501e-17
5.995699162347266554e-17
5.971729546989334878e-17
5.948080647697666544e-17
5.924753459497836392e-17
5.901748977415422959e-17
5.879068196476004781e-17
5.856712111705156699e-17
5.834681718128456016e-17
5.812978010771480038e-17
5.791601984659806068e-17
5.770554634819010179e-17
5.749836956274669675e-17
5.729449944052363093e-17
5.709394593177664040e-17
5.689671898676152285e-17
5.670282157949827537e-17
5.651222877906388971e-17
5.632490867829954469e-17
5.614082937004648076e-17
5.595995894714591372e-17
5.578226550243903470e-17
5.560771712876707184e-17
5.543628191897124708e-17
5.526792796589275773e-17
5.510262336237281960e-17
5.494033620125266079e-17
5.478103457537347245e-17
5.462468657757649503e-17
5.447126030070291351e-17
5.432072383759396218e-17
5.417304528109084449e-17
5.402819272403477625e-17
5.388613425926696709e-17
5.374683797962863280e-17
5.361027197796100767e-17
5.347640434710527668e-17
5.334520317990266178e-17
5.321663656919437260e-17
5.309067260782162495e-17
5.296727938862564695e-17
5.284642500444764205e-17
5.272807754812881373e-17
5.261220511251039012e-17
5.249877579043357468e-17
5.238775767473958320e-17
5.227911885826963148e-17
5.217282743386493531e-17
5.206885149436671050e-17
5.196715913261616051e-17
5.186771844145450729e-17
5.177049751372294199e-17
5.167546444226271739e-17
5.158258731991501845e-17
5.149183423952107332e-17
5.140317074517879580e-17
5.131655218601297201e-17
5.123193136240509222e-17
5.114926107473664673e-17
5.106849412338911351e-17
5.098958330874400134e-17
5.091248143118278202e-17
5.083714129108696433e-17
5.076351568883802623e-17
5.069155742481747036e-17
5.062121929940677466e-17
5.055245411298742944e-17
5.048521466594093114e-17
5.041945375864876390e-17
5.035512419149243033e-17
5.029217876485340841e-17
5.023057027911320074e-17
5.017025153465327913e-17
5.011117533185514620e-17
5.005329447110030457e-17
4.999656175277021371e-17
4.994092997724639473e-17
4.988635194491031943e-17
4.983278045614347195e-17
4.978016831132737338e-17
4.972846831084348321e-17
4.967763325507330406e-17
4.962761594439833237e-17
4.957836917920003995e-17
4.952984575985994175e-17
4.948199848675950340e-17
4.943478016028023368e-17
4.938814358080360441e-17
4.934204154871113052e-17
4.929642686438428997e-17
4.925125232820456690e-17
4.920647074055346393e-17
4.916203490181245285e-17
4.911789761236304862e-17
4.907401380600542651e-17
4.903034695021460035e-17
4.898686264588428130e-17
4.894352649390817435e-17
4.890030409517999064e-17
4.885716105059344132e-17
4.881406296104223756e-17
4.877097542742009048e-17
4.872786405062070510e-17
4.868469443153779254e-17
4.864143217106507014e-17
4.859804287009624286e-17
4.855449212952500955e-17
4.851074555024509367e-17
4.846676873315021254e-17
4.842252727913405266e-17
4.837798678909034366e-17
4.833311286391278437e-17
4.828787110449509827e-17
4.824222711173097185e-17
4.819614648651414092e-17
4.814959482973830430e-17
4.810253774229716082e-17
4.805494082508444011e-17
4.800676967899384100e-17
4.795798990491906848e-17
4.790856710375385218e-17
4.785846687639188477e-17
4.780765482372687739e-17
4.775609654665254121e-17
4.770375764606259352e-17
4.765060372285073933e-17
4.759660037791068361e-17
4.754171321213614984e-17
4.748590782642083068e-17
4.742914982165844961e-17
4.737140479874271162e-17
4.731263835856732786e-17
4.725281610202600331e-17
4.719190815917283589e-17
4.712990277670339662e-17
4.706679273047368642e-17
4.700257079633964459e-17
4.693722975015726590e-17
4.687076236778250812e-17
4.680316142507133520e-17
4.673441969787972958e-17
4.666452996206364288e-17
4.659348499347907602e-17
4.652127756798196831e-17
4.644790046142830833e-17
4.637334644967405388e-17
4.629760830857517506e-17
4.622067881398765432e-17
4.614255074176744942e-17
4.606321686777053050e-17
4.598266996785287381e-17
4.590090281787043714e-17
4.581790819367922142e-17
4.573367887113515361e-17
4.564820762609422848e-17
4.556148723441241615e-17
4.547351047194568054e-17
4.538427011454998562e-17
4.529375893808131382e-17
4.520196971839563525e-17
4.510889523134890153e-17
4.501452825279709510e-17
4.491886155859619223e-17
4.482188792460215686e-17
4.472360012667094679e-17
4.462399094065854444e-17
4.452305314242091993e-17
4.442077950781404953e-17
4.431716281269388487e-17
4.421219583291640221e-17
4.410587134433757166e-17
4.399818212281337567e-17
4.388912489501180894e-17
4.377871219084905087e-17
4.366696049105331779e-17
4.355388627635281370e-17
4.343950602747575493e-17
4.332383622515036397e-17
4.320689335010485098e-17
4.308869388306743228e-17
4.296925430476630572e-17
4.284859109592970611e-17
4.272672073728583746e-17
4.260365970956290992e-17
4.247942449348914598e-17
4.235403156979273733e-17
4.222749741920193726e-17
4.209983852244492512e-17
4.197107136024992958e-17
4.184121241334516078e-17
4.171027816245883506e-17
4.157828508831916875e-17
4.144524967165436584e-17
4.131118839319264266e-17
4.117611773366222171e-17
4.104005417379130697e-17
4.090301419430812096e-17
4.076501427594086765e-17
4.062607089941776338e-17
4.048620054546702448e-17
4.034541969481687344e-17
4.020374482819551426e-17
4.006119242633115093e-17
3.991777896995201212e-17
3.977352093978630798e-17
3.962843481656224868e-17
3.948253708100805055e-17
3.933584421385192990e-17
3.918837269582210308e-17
3.904013900764677408e-17
3.889115963005415923e-17
3.874145252879504310e-17
3.859104160971043400e-17
3.843995226366395161e-17
3.828820988151916631e-17
3.813583985413967932e-17
3.798286757238907949e-17
3.782931842713094339e-17
3.767521780922889687e-17
3.752059110954649181e-17
3.736546371894733559e-17
3.720986102829502324e-17
3.705380842845314980e-17
3.689733131028530415e-17
3.674045506465506282e-17
3.658320508242602703e-17
3.642560675446179181e-17
3.626768547162593988e-17
3.610946662478207243e-17
3.595097560479377217e-17
3.579223780252463414e-17
3.563327860883824723e-17
3.547412341459820645e-17
3.531479761066809454e-17
3.515532658791152500e-17
3.499573573719205591e-17
3.483605044937329463e-17
3.467629611531884235e-17
3.451649812589227562e-17
3.435668187195718333e-17
3.419687274437717283e-17
3.403709613401582683e-17
3.387737743173672806e-17
3.371774202840347769e-17
3.355821531487966463e-17
3.339882268202888389e-17
3.323958952071471819e-17
3.308054122180076257e-17
3.292170317615060590e-17
3.276310077462784939e-17
3.260475832010273909e-17
3.244669576347224842e-17
3.228893196764000181e-17
3.213148579550961137e-17
3.197437610998470771e-17
3.181762177396893989e-17
3.166124165036591388e-17
3.150525460207926028e-17
3.134967949201261583e-17
3.119453518306959265e-17
3.103984053815383367e-17
3.088561442016895716e-17
3.073187569201859987e-17
3.057864321660636776e-17
3.042593585683591608e-17
3.027377247561085693e-17
3.012217193583481475e-17
2.997115310041142013e-17
2.982073483224430985e-17
2.967093599423710216e-17
2.952177544929342151e-17
2.937327206031690466e-17
2.922544469021116988e-17
2.907831220187985393e-17
2.893189345822657508e-17
2.878620732215496393e-17
2.864127265656865108e-17
2.849710832437126097e-17
2.835373318846641802e-17
2.821116611175776517e-17
2.806942595714890219e-17
2.792853158754347818e-17
2.778850186584511756e-17
2.764935565495743862e-17
2.751111181778407811e-17
2.737378921722866355e-17
2.723740671619481321e-17
2.710198317758616077e-17
2.696753746430633375e-17
2.683408603483405636e-17
2.670163572994844885e-17
2.657019098600373742e-17
2.643975623935412359e-17
2.631033592635383973e-17
2.618193448335709970e-17
2.605455634671812661e-17
2.592820595279113125e-17
2.580288773793033671e-17
2.567860613848996304e-17
2.555536559082422410e-17
2.543317053128733991e-17
2.531202539623353975e-17
2.519193462201701899e-17
2.507290264499201924e-17
2.495493390151274511e-17
2.483803282793341971e-17
2.472220386060825999e-17
2.460745143589148598e-17
2.449377999013732079e-17
2.438119395969997520e-17
2.426969778093366924e-17
2.415929589019262601e-17
2.404999272383105940e-17
2.394179271820318633e-17
2.383470030966323300e-17
2.372871993456541020e-17
2.362385602926394104e-17
2.352011303011304246e-17
2.341749537346693448e-17
2.331600749567983407e-17
2.321565383310596124e-17
2.311643882209953294e-17
2.301836689901476920e-17
2.292144250020588389e-17
2.282567006202710011e-17
2.273105402083263789e-17
2.263759881297671419e-17
2.254530887481354286e-17
2.245418648240044535e-17
2.236422527060710565e-17
2.227541671400632766e-17
2.218775228717088137e-17
2.210122346467357377e-17
2.201582172108718717e-17
2.193153853098450390e-17
2.184836536893832786e-17
2.176629370952143213e-17
2.168531502730661753e-17
2.160542079686666945e-17
2.152660249277437331e-17
2.144885158960252684e-17
2.137215956192390928e-17
2.129651788431131837e-17
2.122191803133753642e-17
2.114835147757535502e-17
2.107580969759756573e-17
2.100428416597695395e-17
2.093376635728631126e-17
2.086424774609842923e-17
2.079571980698609018e-17
2.072817401452208876e-17
2.066160184327921346e-17
2.059599476783024969e-17
2.053134426274798902e-17
2.046764180260522610e-17
2.040487886197474016e-17
2.034304691542932587e-17
2.028213743754177172e-17
2.022214190288486618e-17
2.016305178603140083e-17
2.010485856155416108e-17
2.004755370402593541e-17
1.999112868801952156e-17
1.993557498810769569e-17
1.988088407886326170e-17
1.982704743485898957e-17
1.977405653066768939e-17
1.972190193180653885e-17
1.967057056757034969e-17
1.962004845819833208e-17
1.957032162392968389e-17
1.952137608500361840e-17
1.947319786165934578e-17
1.942577297413607007e-17
1.937908744267301071e-17
1.933312728750935322e-17
1.928787852888432938e-17
1.924332718703713087e-17
1.919945928220697098e-17
1.915626083463305989e-17
1.911371786455460163e-17
1.907181639221081255e-17
1.903054243784088743e-17
1.898988202168404263e-17
1.894982116397948526e-17
1.891034588496642550e-17
1.887144220488406122e-17
1.883309614397161493e-17
1.879529372246828450e-17
1.875802096061328012e-17
1.872126387864580582e-17
1.868500849680508410e-17
1.864924083533030668e-17
1.861394691446068373e-17
1.857911275443543471e-17
1.854472437549375746e-17
1.851076779787486218e-17
1.847722904181795597e-17
1.844409412756224904e-17
1.841134907534694848e-17
1.837897990541126140e-17
1.834697263799439491e-17
1.831531329333556229e-17
1.828398789167396140e-17
1.825298245324881474e-17
1.822228299829931711e-17
1.819187600334868875e-17
1.816174977005616547e-17
1.813189305636499927e-17
1.810229462021842987e-17
1.807294321955970004e-17
1.804382761233206487e-17
1.801493655647876407e-17
1.798625880994304041e-17
1.795778313066814283e-17
1.792949827659732027e-17
1.790139300567380934e-17
1.787345607584086208e-17
1.784567624504172433e-17
1.781804227121963887e-17
1.779054291231785155e-17
1.776316692627960825e-17
1.773590307104815482e-17
1.770874010456673711e-17
1.768166678477859790e-17
1.765467186962698613e-17
1.762774411705514766e-17
1.760087228500632219e-17
1.757404513142376482e-17
1.754725141425070907e-17
1.752047989143041006e-17
1.749371932090610748e-17
1.746695846062105027e-17
1.744018606851848428e-17
1.741339090254165230e-17
1.738656172063380326e-17
1.735968728073817686e-17
1.733275634079802204e-17
1.730575765875658773e-17
1.727867999255711672e-17
1.725151210014284871e-17
1.722424273945703878e-17
1.719686066844292665e-17
1.716935464504375816e-17
1.714171342720278226e-17
1.711392700302484111e-17
1.708599028126117752e-17
1.705789940082463369e-17
1.702965050062806413e-17
1.700123971958429871e-17
1.697266319660618580e-17
1.694391707060657066e-17
1.691499748049829858e-17
1.688590056519420867e-17
1.685662246360714620e-17
1.682715931464995646e-17
1.679750725723547855e-17
1.676766243027656083e-17
1.673762097268604242e-17
1.670737902337677475e-17
1.667693272126159078e-17
1.664627820525334195e-17
1.661541161426486737e-17
1.658432908720901231e-17
1.655302676299862205e-17
1.652150078054653572e-17
1.648974727876560473e-17
1.645776239656866514e-17
1.642554227286856220e-17
1.639308304657813813e-17
1.636038085661024436e-17
1.632743184187771075e-17
1.629423214129339799e-17
1.626077789377013288e-17
1.622706523822076992e-17
1.619309031355814824e-17
1.615884925869511311e-17
1.612433821254450364e-17
1.608955331401917127e-17
1.605449070203195512e-17
1.601914651549570047e-17
1.598351689332324334e-17
1.594759797442744134e-17
1.591138589772112433e-17
1.587487797640859706e-17
1.583807622085997750e-17
1.580098381573684308e-17
1.576360394570075583e-17
1.572593979541330241e-17
1.568799454953604178e-17
1.564977139273055753e-17
1.561127350965842400e-17
1.557250408498120324e-17
1.553346630336048191e-17
1.549416334945782204e-17
1.545459840793480105e-17
1.541477466345299332e-17
1.537469530067397009e-17
1.533436350425930572e-17
1.529378245887057766e-17
1.525295534916934791e-17
1.521188535981720316e-17
1.517057567547570235e-17
1.512902948080642908e-17
1.508724996047095154e-17
1.504524029913085024e-17
1.500300368144768720e-17
1.496054329208304294e-17
1.491786231569849181e-17
1.487496393695559891e-17
1.483185134051594785e-17
1.478852771104110373e-17
1.474499623319264398e-17
1.470126009163213987e-17
1.465732247102116267e-17
1.461318655602128982e-17
1.456885553129409257e-17
1.452433258150114530e-17
1.447962089130401617e-17
1.443472364536428572e-17
1.438964402834352211e-17
1.434438522490330280e-17
1.429895041970519288e-17
1.425334331942715094e-17
1.420756971881263866e-17
1.416163593462150500e-17
1.411554828361358664e-17
1.406931308254872639e-17
1.402293664818677015e-17
1.397642529728756075e-17
1.392978534661094409e-17
1.388302311291675682e-17
1.383614491296484640e-17
1.378915706351505718e-17
1.374206588132722736e-17
1.369487768316120439e-17
1.364759878577683108e-17
1.360023550593394872e-17
1.355279416039240167e-17
1.350528106591203275e-17
1.345770253925268478e-17
1.341006489717420213e-17
1.336237445643642761e-17
1.331463753379920251e-17
1.326686044602237272e-17
1.321904950986577800e-17
1.317121104208926577e-17
1.312335135945267425e-17
1.307547677871585087e-17
1.302759361663863846e-17
1.297970818998087829e-17
1.293182681550241474e-17
1.288395580996308753e-17
1.283610149012274411e-17
1.278827017274122577e-17
1.274046817457837686e-17
1.269270181239404020e-17
1.264497740294805862e-17
1.259730126300027186e-17
1.254967970931053044e-17
1.250211905863867102e-17
1.245462562774454105e-17
1.240720549954497762e-17
1.235986382158481805e-17
1.231260550756589549e-17
1.226543547119004000e-17
1.221835862615908010e-17
1.217137988617485356e-17
1.212450416493918888e-17
1.207773637615392384e-17
1.203108143352088080e-17
1.198454425074190213e-17
1.193812974151881483e-17
1.189184281955344894e-17
1.184568839854764070e-17
1.179967139220322016e-17
1.175379671422202355e-17
1.170806927830587476e-17
1.166249399815661464e-17
1.161707578747606863e-17
1.157181955996607141e-17
1.152673022932845613e-17
1.148181270926505438e-17
1.143707191347769776e-17
1.139251275566821789e-17
1.134814014953844789e-17
1.130395900879022091e-17
1.125997424712536547e-17
1.121619077824571780e-17
1.117261351585310641e-17
1.112924737364936599e-17
1.108609726533632814e-17
1.104316810461582445e-17
1.100046480518968808e-17
1.095799228075974753e-17
1.091575544502784059e-17
1.087375921169579421e-17
1.083200849446544618e-17
1.079050820703862500e-17
1.074926326311715920e-17
1.070827857640288809e-17
1.066755841935636243e-17
1.062710449947303435e-17
1.058691788300707513e-17
1.054699963621265608e-17
1.050735082534395310e-17
1.046797251665513595e-17
1.042886577640037746e-17
1.039003167083385354e-17
1.035147126620973549e-17
1.031318562878219306e-17
1.027517582480540216e-17
1.023744292053353562e-17
1.019998798222076628e-17
1.016281207612126081e-17
1.012591626848920128e-17
1.008930162557875591e-17
1.005296921364409599e-17
1.001692009893939742e-17
9.981155347718829977e-18
9.945676026236569557e-18
9.910483200746784377e-18
9.875577937503651890e-18
9.840961302761341849e-18
9.806634362774028626e-18
9.772598183795883515e-18
9.738853832081079348e-18
9.705402373883790499e-18
9.672244875458188260e-18
9.639382403058445463e-18
9.606816022938734943e-18
9.574546801353229531e-18
9.542575804556100520e-18
9.510904098801525364e-18
9.479532750343670735e-18
9.448462825436714087e-18
9.417695390334825172e-18
9.387231511292176822e-18
9.357072254562944952e-18
9.327218686401297772e-18
9.297671292258531439e-18
9.268428234374416908e-18
9.239487094185851542e-18
9.210845453129723456e-18
9.182500892642931554e-18
9.154450994162365492e-18
9.126693339124922631e-18
9.099225508967494169e-18
9.072045085126972846e-18
9.045149649040252941e-18
9.018536782144231816e-18
8.992204065875796045e-18
8.966149081671844532e-18
8.940369410969268474e-18
8.914862635204963691e-18
8.889626335815821382e-18
8.864658094238737367e-18
8.839955491910601304e-18
8.815516110268312094e-18
8.791337530748760936e-18
8.767417334788839028e-18
8.743753103825443731e-18
8.720342419295466242e-18
8.697182862635800843e-18
8.674272015283341812e-18
8.651607458674981888e-18
8.629186774247615351e-18
8.607007543438136481e-18
8.585067347683434935e-18
8.563363768420409614e-18
8.541894387085950177e-18
8.520656785116952444e-18
8.499648543950309154e-18
8.478867245022913044e-18
8.458310469771658397e-18
8.437975799633439490e-18
8.417860816045152144e-18
8.397963100443684476e-18
8.378280234265933847e-18
8.358809572052878510e-18
8.339547560761831071e-18
8.320490420454195811e-18
8.301634371191372390e-18
8.282975633034762009e-18
8.264510426045765869e-18
8.246234970285782090e-18
8.228145485816214952e-18
8.210238192698462577e-18
8.192509310993927704e-18
8.174955060764011535e-18
8.157571662070110648e-18
8.140355334973629326e-18
8.123302299535967228e-18
8.106408775818527096e-18
8.089670983882707049e-18
8.073085143789909829e-18
8.056647475601533555e-18
8.040354199378980968e-18
8.024201535183654810e-18
8.008185703076951659e-18
7.992302923120272716e-18
7.976549415375022264e-18
7.960921399902599962e-18
7.945415096764403929e-18
7.930026726021836907e-18
7.914752507736301638e-18
7.899588661969193158e-18
7.884531408781915752e-18
7.869576968235873699e-18
7.854721560392462040e-18
7.839961405313083514e-18
7.825292723059139322e-18
7.810711733692030666e-18
7.796214657273157205e-18
7.781797713863920140e-18
7.767457123525720672e-18
7.753189106319956920e-18
7.738989882308034706e-18
7.724855806242332088e-18
7.710783771639160736e-18
7.696770806705813800e-18
7.682813939649582886e-18
7.668910198677756522e-18
7.655056611997629398e-18
7.641250207816493121e-18
7.627488014341640840e-18
7.613767059780362623e-18
7.600084372339951619e-18
7.586436980227696354e-18
7.572821911650893058e-18
7.559236194816831798e-18
7.545676857932802643e-18
7.532140929206101823e-18
7.518625436844019404e-18
7.505127409053845454e-18
7.491643874042871582e-18
7.478171860018390936e-18
7.464708395187698205e-18
7.451250507758081917e-18
7.437795225936833679e-18
7.424339577931246640e-18
7.410880591948612409e-18
7.397415296196222593e-18
7.383940718881370341e-18
7.370453888211347261e-18
7.356951832393444962e-18
7.343431579634951970e-18
7.329890158143166056e-18
7.316324596125372666e-18
7.302731921788871110e-18
7.289109163340948375e-18
7.275453348988897610e-18
7.261761506940008882e-18
7.248030665401576881e-18
7.234257852580891674e-18
7.220440096685246409e-18
7.206574425921931155e-18
7.192658199615961879e-18
7.178690101563228879e-18
7.164669146677354516e-18
7.150594349871951906e-18
7.136464726060638788e-18
7.122279290157029819e-18
7.108037057074742739e-18
7.093737041727396828e-18
7.079378259028603660e-18
7.064959723891982515e-18
7.050480451231149592e-18
7.035939455959721089e-18
7.021335752991314745e-18
7.006668357239542135e-18
6.991936283618028701e-18
6.977138547040381399e-18
6.962274162420222588e-18
6.947342144671166927e-18
6.932341508706831383e-18
6.917271269440832925e-18
6.902130441786787751e-18
6.886918040658309748e-18
6.871633080969018967e-18
6.856274577632530063e-18
6.840841545562460007e-18
6.825332999672426537e-18
6.809747954876045080e-18
6.794085426086929524e-18
6.778344428218700689e-18
6.762523976184972462e-18
6.746623084899361811e-18
6.730640769275486475e-18
6.714576044226961882e-18
6.698427924667403460e-18
6.682195425510429717e-18
6.665877561669656083e-18
6.649473348058699524e-18
6.632981799591175469e-18
6.616401931180701657e-18
6.599733079840891564e-18
6.582975870985350088e-18
6.566131252127677865e-18
6.549200170781478612e-18
6.532183574460352966e-18
6.515082410677903872e-18
6.497897626947731967e-18
6.480630170783439427e-18
6.463280989698629969e-18
6.445851031206904230e-18
6.428341242821863614e-18
6.410752572057111070e-18
6.393085966426248773e-18
6.375342373442876589e-18
6.357522740620600547e-18
6.339628015473018200e-18
6.321659145513732495e-18
6.303617078256347921e-18
6.285502761214464341e-18
6.267317141901683164e-18
6.249061167831608875e-18
6.230735786517841341e-18
6.212341945473981967e-18
6.193880592213635242e-18
6.175352674250399489e-18
6.156759139097880738e-18
6.138100934269679623e-18
6.119379007279395241e-18
6.100594305640632848e-18
6.081747776866993081e-18
6.062840368472078116e-18
6.043873027969490900e-18
6.024846702872831299e-18
6.005762340695703029e-18
5.986620888951707496e-18
5.967423295154446108e-18
5.948170506817521040e-18
5.928863471454535239e-18
5.909503136579089341e-18
5.890090620132065030e-18
5.870627721763461256e-18
5.851116411550554933e-18
5.831558659570622206e-18
5.811956435900943074e-18
5.792311710618793681e-18
5.772626453801451713e-18
5.752902635526196397e-18
5.733142225870301567e-18
5.713347194911047220e-18
5.693519512725711042e-18
5.673661149391569950e-18
5.653774074985903169e-18
5.633860259585983764e-18
5.613921673269094813e-18
5.593960286112510150e-18
5.573978068193507461e-18
5.553976989589365974e-18
5.533959020377361833e-18
5.513926130634774265e-18
5.493880290438878646e-18
5.473823469866953430e-18
5.453757638996277076e-18
5.433684767904125728e-18
5.413606826667777072e-18
5.393525785364509564e-18
5.373443614071600891e-18
5.353362282866327198e-18
5.333283761825966171e-18
5.313210021027796266e-18
5.293143030549094400e-18
5.273084760467138257e-18
5.253037180859205524e-18
5.233002261802573887e-18
5.212981973374520262e-18
5.192978285652322335e-18
5.172993168713257791e-18
5.153028592634604317e-18
5.133086527493639599e-18
5.113168903454930312e-18
5.093277491032205246e-18
5.073414020826481414e-18
5.053580223438775055e-18
5.033777829470105490e-18
5.014008569521489730e-18
4.994274174193944014e-18
4.974576374088488435e-18
4.954916899806137692e-18
4.935297481947911876e-18
4.915719851114826457e-18
4.896185737907899986e-18
4.876696872928150245e-18
4.857254986776593472e-18
4.837861810054248990e-18
4.818519073362133038e-18
4.799228507301263398e-18
4.779991842472657849e-18
4.760810809477333402e-18
4.741687138916308608e-18
4.722622561390599708e-18
4.703618807501225252e-18
4.684677607849201480e-18
4.665800693035548485e-18
4.646989793661280194e-18
4.628246640327417471e-18
4.609572963634975784e-18
4.590970494184972915e-18
4.572440962578428185e-18
4.553986099416356293e-18
4.535607635299776561e-18
4.517307300829705998e-18
4.499086826607162387e-18
4.480947943233164277e-18
4.462892381308726369e-18
4.444921871434868753e-18
4.427038144212608440e-18
4.409242930242961671e-18
4.391537960126946996e-18
4.373924773481397158e-18
4.356404145986401670e-18
4.338976662337866546e-18
4.321642907231697031e-18
4.304403465363799140e-18
4.287258921430076577e-18
4.270209860126436127e-18
4.253256866148784576e-18
4.236400524193024087e-18
4.219641418955062216e-18
4.202980135130804207e-18
4.186417257416153764e-18
4.169953370507019213e-18
4.153589059099301948e-18
4.137324907888911834e-18
4.121161501571751036e-18
4.105099424843726339e-18
4.089139262400742216e-18
4.073281598938705454e-18
4.057527019153521296e-18
4.041876107741092677e-18
4.026329449397328694e-18
4.010887628818131508e-18
3.995551230699407906e-18
3.980320839737063902e-18
3.965197040627003971e-18
3.950180418065133358e-18
3.935271556747358078e-18
3.920471041369584144e-18
3.905779456627715263e-18
3.891197387217658218e-18
3.876725417835316715e-18
3.862364133176598307e-18
3.848114117937405930e-18
3.833975956813647909e-18
3.819950234501227949e-18
3.806037535696050522e-18
3.792238445094023186e-18
3.778553547391050415e-18
3.764983222536963612e-18
3.751527031497304212e-18
3.738184330491539808e-18
3.724954475739134912e-18
3.711836823459559429e-18
3.698830729872280182e-18
3.685935551196762454e-18
3.673150643652476149e-18
3.660475363458885779e-18
3.647909066835460478e-18
3.635451110001667070e-18
3.623100849176971608e-18
3.610857640580842454e-18
3.598720840432745663e-18
3.586689804952149598e-18
3.574763890358521082e-18
3.562942452871326938e-18
3.551224848710034760e-18
3.539610434094111371e-18
3.528098565243024364e-18
3.516688598376239793e-18
3.505379889713226020e-18
3.494171795473450641e-18
3.483063671876379707e-18
3.472054875141480812e-18
3.461144761488220394e-18
3.450332687136066432e-18
3.439618008304486133e-18
3.429000081212946322e-18
3.418478262080914592e-18
3.408051907127857766e-18
3.397720372573243051e-18
3.387483014636538043e-18
3.377339189537209563e-18
3.367288253494724051e-18
3.357329562728549484e-18
3.347462473458153456e-18
3.337686341903002405e-18
3.328000524282563925e-18
3.318404284022253357e-18
3.308896513371281270e-18
3.299476011784807522e-18
3.290141578717990046e-18
3.280892013625987928e-18
3.271726115963960256e-18
3.262642685187066889e-18
3.253640520750465758e-18
3.244718422109315950e-18
3.235875188718777709e-18
3.227109620034008582e-18
3.218420515510168812e-18
3.209806674602416715e-18
3.201266896765910994e-18
3.192799981455811508e-18
3.184404728127276187e-18
3.176079936235465276e-18
3.167824405235537091e-18
3.159636934582650334e-18
3.151516323731965249e-18
3.143461372138639768e-18
3.135470879257833364e-18
3.127543644544704738e-18
3.119678467454412978e-18
3.111874147442117172e-18
3.104129483962976408e-18
3.096443276472150157e-18
3.088814324424796353e-18
3.081241427276074852e-18
3.073723384481144358e-18
3.066258995495163958e-18
3.058847059773292739e-18
3.051486376770689404e-18
3.044175745942513425e-18
3.036913966743923505e-18
3.029699838630079116e-18
3.022532161056138576e-18
3.015409733477261358e-18
3.008331355348606548e-18
3.001295868261546160e-18
2.994302282352307371e-18
2.987349649893330670e-18
2.980437023157055389e-18
2.973563454415922401e-18
2.966727995942371811e-18
2.959929700008842949e-18
2.953167618887777461e-18
2.946440804851614293e-18
2.939748310172794705e-18
2.933089187123758028e-18
2.926462487976945521e-18
2.919867265004796133e-18
2.913302570479750735e-18
2.906767456674249432e-18
2.900260975860732326e-18
2.893782180311639905e-18
2.887330122299412273e-18
2.880903854096489146e-18
2.874502427975311785e-18
2.868124896208319136e-18
2.861770311067952073e-18
2.855437724826651083e-18
2.849126189756855500e-18
2.842834758131006967e-18
2.836562482221543662e-18
2.830308414300907227e-18
2.824071606641538152e-18
2.817851111515874999e-18
2.811645981196359796e-18
2.805455267955431490e-18
2.799278024065530957e-18
2.793113301799097912e-18
2.786960153428572845e-18
2.780817631226396243e-18
2.774684787465008210e-18
2.768560674416848464e-18
2.762444344354357106e-18
2.756334849549975012e-18
2.750231335987547709e-18
2.744133324496545895e-18
2.738040429617844152e-18
2.731952265892319373e-18
2.725868447860845756e-18
2.719788590064299809e-18
2.713712307043558040e-18
2.707639213339495032e-18
2.701568923492986521e-18
2.695501052044908632e-18
2.689435213536137102e-18
2.683371022507547668e-18
2.677308093500015299e-18
2.671246041054416888e-18
2.665184479711627017e-18
2.659123024012522194e-18
2.653061288497977772e-18
2.646998887708869103e-18
2.640935436186072696e-18
2.634870548470463904e-18
2.628803839102918078e-18
2.622734922624311343e-18
2.616663413575519051e-18
2.610588926497417324e-18
2.604511075930881901e-18
2.598429476416787749e-18
2.592343742496011376e-18
2.586253488709428520e-18
2.580158329597913764e-18
2.574057879702344386e-18
2.567951753563594582e-18
2.561839565722541248e-18
2.555720930720059734e-18
2.549595463097025394e-18
2.543462777394313966e-18
2.537322488152801573e-18
2.531174209913363952e-18
2.525017557216876071e-18
2.518852144604214438e-18
