# Matter power spectrum P(k) at redshift z=0
# for k=1.04206e-05 to 1.08688 h/Mpc,
# number of wavenumbers equal to 603
#    1:k (h/Mpc)              2:P (Mpc/h)^3        
       1.042057218184e-05       4.833537257520e+01 
       2.326967396011e-05       1.050301501553e+02 
       3.616373003078e-05       1.608006162073e+02 
       4.913726118005e-05       2.162187369674e+02 
       6.222535629174e-05       2.716139613706e+02 
       7.546398368554e-05       3.272355715418e+02 
       8.889031236246e-05       3.832982857404e+02 
       1.025430474106e-04       4.400009709742e+02 
       1.164627838570e-04       4.975362794969e+02 
       1.306923832855e-04       5.560965288789e+02 
       1.452773775457e-04       6.158777768025e+02 
       1.602664038245e-04       6.770830665256e+02 
       1.757116751758e-04       7.399251537198e+02 
       1.916694902516e-04       8.046291133481e+02 
       2.082007853352e-04       8.714346741198e+02 
       2.253717307374e-04       9.405987359769e+02 
       2.432543719999e-04       1.012397805537e+03 
       2.619273139533e-04       1.087130366217e+03 
       2.814764422309e-04       1.165119448038e+03 
       3.019956720255e-04       1.246715024424e+03 
       3.235877073292e-04       1.332296391377e+03 
       3.463647852096e-04       1.422274150688e+03 
       3.704493684977e-04       1.517092128376e+03 
       3.959747363138e-04       1.617228373761e+03 
       4.230854051645e-04       1.723195493653e+03 
       4.519372943754e-04       1.835539766571e+03 
       4.826975296699e-04       1.954838573039e+03 
       5.155437601784e-04       2.081695757518e+03 
       5.506628509895e-04       2.216734382081e+03 
       5.882488111729e-04       2.360586921235e+03 
       6.284998331605e-04       2.513881134357e+03 
       6.716143612428e-04       2.677223323177e+03 
       7.177861811893e-04       2.851177695073e+03 
       7.671986317901e-04       3.036242988425e+03 
       8.200181765813e-04       3.232827811872e+03 
       8.763877232654e-04       3.441225674211e+03 
       9.364202109279e-04       3.661592337804e+03 
       1.000193065331e-03       3.893928043158e+03 
       1.067744116788e-03       4.138065302120e+03 
       1.139069464862e-03       4.393667900537e+03 
       1.214123566691e-03       4.660235831337e+03 
       1.292821557253e-03       4.937120972470e+03 
       1.375043536459e-03       5.223531319071e+03 
       1.460640338289e-03       5.518594521468e+03 
       1.549440173132e-03       5.821393613925e+03 
       1.641255519560e-03       6.130955570481e+03 
       1.735889720631e-03       6.446297979028e+03 
       1.833142878533e-03       6.766452710422e+03 
       1.932816801141e-03       7.090485049514e+03 
       2.034718902449e-03       7.417507793765e+03 
       2.138665076194e-03       7.746690555092e+03 
       2.244481640951e-03       8.077266531848e+03 
       2.352006497986e-03       8.408535209826e+03 
       2.461089657427e-03       8.739861283107e+03 
       2.571593283008e-03       9.070673215483e+03 
       2.683391388813e-03       9.400460374528e+03 
       2.796369299488e-03       9.728768740884e+03 
       2.910422962674e-03       1.005519667571e+04 
       3.025458181340e-03       1.037939113159e+04 
       3.141389815660e-03       1.070104094083e+04 
       3.258140989338e-03       1.101987598594e+04 
       3.375642323755e-03       1.133565936674e+04 
       3.493831214590e-03       1.164818716791e+04 
       3.612651159184e-03       1.195728187978e+04 
       3.732051138326e-03       1.226279303082e+04 
       3.851985053074e-03       1.256459001894e+04 
       3.972411215108e-03       1.286256463465e+04 
       4.093291887857e-03       1.315662357963e+04 
       4.214592874901e-03       1.344669262712e+04 
       4.336283151802e-03       1.373270728014e+04 
       4.458334537451e-03       1.401462000457e+04 
       4.580721401075e-03       1.429239019347e+04 
       4.703420401263e-03       1.456598268368e+04 
       4.826410253618e-03       1.483533844670e+04 
       4.949671523909e-03       1.510054031258e+04 
       5.073186443891e-03       1.536150241835e+04 
       5.196938747250e-03       1.561824451849e+04 
       5.320913523383e-03       1.587080738820e+04 
       5.445097086976e-03       1.611920400312e+04 
       5.569476861582e-03       1.636338572819e+04 
       5.694041275594e-03       1.660265272329e+04 
       5.818779669195e-03       1.683849369437e+04 
       5.943682211035e-03       1.707019310114e+04 
       6.068739823547e-03       1.729772877243e+04 
       6.193944115904e-03       1.752125762649e+04 
       6.319287323794e-03       1.774087847097e+04 
       6.444762255220e-03       1.795665479020e+04 
       6.570362241695e-03       1.816792758722e+04 
       6.696081094214e-03       1.837532706356e+04 
       6.821913063510e-03       1.857874652254e+04 
       6.947852804110e-03       1.877835640496e+04 
       7.073895341808e-03       1.897410745461e+04 
       7.200036044187e-03       1.916598513175e+04 
       7.326270593868e-03       1.935407210593e+04 
       7.452594964209e-03       1.953825075728e+04 
       7.579005397210e-03       1.971889716178e+04 
       7.705498383387e-03       1.989634445287e+04 
       7.832070643437e-03       2.006961348684e+04 
       7.958719111493e-03       2.023925124375e+04 
       8.085440919843e-03       2.040530504207e+04 
       8.212233384941e-03       2.056786802258e+04 
       8.339093994616e-03       2.072690866937e+04 
       8.466020396334e-03       2.088247490872e+04 
       8.593010386449e-03       2.103460684727e+04 
       8.720061900321e-03       2.118335837565e+04 
       8.847173003240e-03       2.132874649127e+04 
       8.974341882080e-03       2.147077516400e+04 
       9.101566837609e-03       2.160954949879e+04 
       9.228846277412e-03       2.174508203470e+04 
       9.356178709357e-03       2.187738835317e+04 
       9.483562735568e-03       2.200653562943e+04 
       9.610997046862e-03       2.213253554195e+04 
       9.738480417602e-03       2.225546717648e+04 
       9.866011700940e-03       2.237523766161e+04 
       9.993589824410e-03       2.249208232832e+04 
       1.012121378585e-02       2.260578243729e+04 
       1.024888264964e-02       2.271656756381e+04 
       1.037659554316e-02       2.282450130030e+04 
       1.050435165357e-02       2.292945561937e+04 
       1.063215022479e-02       2.303147356894e+04 
       1.075999055469e-02       2.313079100953e+04 
       1.088787199248e-02       2.322712769594e+04 
       1.101579393632e-02       2.332081841360e+04 
       1.114375583104e-02       2.341173879053e+04 
       1.127175716606e-02       2.349995375624e+04 
       1.139979747347e-02       2.358547464631e+04 
       1.152787632617e-02       2.366834224089e+04 
       1.165599333626e-02       2.374860530801e+04 
       1.178414815339e-02       2.382627924427e+04 
       1.191234046339e-02       2.390139077291e+04 
       1.204056998684e-02       2.397405500319e+04 
       1.216883647788e-02       2.404402493619e+04 
       1.229713972297e-02       2.411165121776e+04 
       1.242547953988e-02       2.417681066281e+04 
       1.255385577659e-02       2.423959085885e+04 
       1.268226831045e-02       2.429996889329e+04 
       1.281071704723e-02       2.435804279964e+04 
       1.293920192034e-02       2.441372227258e+04 
       1.306772289012e-02       2.446715185565e+04 
       1.319627994308e-02       2.451825048026e+04 
       1.332487309133e-02       2.456715438614e+04 
       1.345350237196e-02       2.461384529868e+04 
       1.358216784648e-02       2.465841563004e+04 
       1.371086960039e-02       2.470068684710e+04 
       1.383960774266e-02       2.474082832305e+04 
       1.396838240534e-02       2.477888314945e+04 
       1.409719374321e-02       2.481489681395e+04 
       1.422604193341e-02       2.484885234658e+04 
       1.435492717513e-02       2.488073459154e+04 
       1.448384968936e-02       2.491060264307e+04 
       1.461280971865e-02       2.493852881511e+04 
       1.474180752687e-02       2.496448794094e+04 
       1.487084339906e-02       2.498853116211e+04 
       1.499991764125e-02       2.501061264341e+04 
       1.512903058034e-02       2.503084045804e+04 
       1.525818256398e-02       2.504919335032e+04 
       1.538737396053e-02       2.506575408127e+04 
       1.551660515895e-02       2.508042392048e+04 
       1.564587656878e-02       2.509338817700e+04 
       1.577518862018e-02       2.510453332581e+04 
       1.590454176383e-02       2.511401440472e+04 
       1.603393647109e-02       2.512171111154e+04 
       1.616337323391e-02       2.512772145121e+04 
       1.629285256503e-02       2.513208362876e+04 
       1.642237499795e-02       2.513473560649e+04 
       1.655194108713e-02       2.513578197097e+04 
       1.668155140806e-02       2.513528148606e+04 
       1.681120655740e-02       2.513313452805e+04 
       1.694090715316e-02       2.512956213460e+04 
       1.707065383489e-02       2.512427288965e+04 
       1.720044726383e-02       2.511751129447e+04 
       1.733028812316e-02       2.510924673189e+04 
       1.746017711819e-02       2.509955989888e+04 
       1.759011497665e-02       2.508839596585e+04 
       1.772010244891e-02       2.507577905243e+04 
       1.785014030829e-02       2.506180656372e+04 
       1.798022935133e-02       2.504556428735e+04 
       1.811037039812e-02       2.502957588314e+04 
       1.824056429261e-02       2.501068623780e+04 
       1.837081190295e-02       2.499122328097e+04 
       1.850111412188e-02       2.497047129541e+04 
       1.863147186710e-02       2.494921535113e+04 
       1.876188608163e-02       2.492578700121e+04 
       1.889235773425e-02       2.490060328550e+04 
       1.902288781996e-02       2.487531178335e+04 
       1.915347736035e-02       2.484765927809e+04 
       1.928412740413e-02       2.481921467401e+04 
       1.941483902758e-02       2.478962454503e+04 
       1.954561333508e-02       2.476027624705e+04 
       1.967645145960e-02       2.472847953575e+04 
       1.980735456323e-02       2.469556544258e+04 
       1.993832383778e-02       2.466111475495e+04 
       2.006936050531e-02       2.462615782025e+04 
       2.020046581878e-02       2.458985453512e+04 
       2.033164106261e-02       2.455369717414e+04 
       2.046288755334e-02       2.451555909190e+04 
       2.059420664032e-02       2.447641409983e+04 
       2.072559970635e-02       2.443521893174e+04 
       2.085706816838e-02       2.439432993024e+04 
       2.098861347829e-02       2.435297781635e+04 
       2.112023712357e-02       2.430924280246e+04 
       2.125194062815e-02       2.426510570400e+04 
       2.138372555317e-02       2.422028625325e+04 
       2.151559349781e-02       2.417453688512e+04 
       2.164754610012e-02       2.412802282758e+04 
       2.177958503794e-02       2.408062279411e+04 
       2.191171202978e-02       2.403232639439e+04 
       2.204392883574e-02       2.398313350863e+04 
       2.217623725849e-02       2.393311045285e+04 
       2.230863914424e-02       2.388248235984e+04 
       2.244113638381e-02       2.383092125047e+04 
       2.257373091364e-02       2.377856358470e+04 
       2.270642471687e-02       2.372564567101e+04 
       2.283921982450e-02       2.367232003083e+04 
       2.297211831656e-02       2.361742112066e+04 
       2.310512232321e-02       2.356294660255e+04 
       2.323823402609e-02       2.350636075651e+04 
       2.337145565950e-02       2.344984280185e+04 
       2.350478951177e-02       2.339253844538e+04 
       2.363823792657e-02       2.333493384420e+04 
       2.377180330430e-02       2.327644102653e+04 
       2.390548810359e-02       2.321725595644e+04 
       2.403929484271e-02       2.315765930446e+04 
       2.417322610114e-02       2.309726066008e+04 
       2.430728452116e-02       2.303718811135e+04 
       2.444147280944e-02       2.297515562132e+04 
       2.457579373877e-02       2.291308999102e+04 
       2.471025014979e-02       2.285134067028e+04 
       2.484484495277e-02       2.278766756904e+04 
       2.497958112948e-02       2.272430391102e+04 
       2.511446173510e-02       2.266002783608e+04 
       2.524948990022e-02       2.259557551421e+04 
       2.538466883286e-02       2.253069045602e+04 
       2.552000182061e-02       2.246529312121e+04 
       2.565549223282e-02       2.239940672069e+04 
       2.579114352282e-02       2.233318151829e+04 
       2.592695923033e-02       2.226650258152e+04 
       2.606294298382e-02       2.219926701825e+04 
       2.619909850303e-02       2.213224345850e+04 
       2.633542960160e-02       2.206380552940e+04 
       2.647194018967e-02       2.199544032482e+04 
       2.660863427676e-02       2.192684949896e+04 
       2.674551597453e-02       2.185776592918e+04 
       2.688258949987e-02       2.178888887202e+04 
       2.701985917789e-02       2.171877595598e+04 
       2.715732944518e-02       2.164916027418e+04 
       2.729500485308e-02       2.157880093697e+04 
       2.743289007114e-02       2.150794736461e+04 
       2.757098989065e-02       2.143696406264e+04 
       2.770930922839e-02       2.136580065311e+04 
       2.784785313038e-02       2.129456129937e+04 
       2.798662677592e-02       2.122269021407e+04 
       2.812563548168e-02       2.115066150353e+04 
       2.826488470601e-02       2.107846467990e+04 
       2.840438005334e-02       2.100601485652e+04 
       2.854412727888e-02       2.093341847719e+04 
       2.868413229333e-02       2.086054289692e+04 
       2.882440116797e-02       2.078743143553e+04 
       2.896494013975e-02       2.071450890761e+04 
       2.910575561676e-02       2.064071294008e+04 
       2.924685418384e-02       2.056707654275e+04 
       2.938824260837e-02       2.049357598888e+04 
       2.952992784643e-02       2.041927762640e+04 
       2.967191704907e-02       2.034557425800e+04 
       2.981421756896e-02       2.027082504142e+04 
       2.995683696724e-02       2.019644434824e+04 
       3.009978302072e-02       2.012186926454e+04 
       3.024306372933e-02       2.004728904562e+04 
       3.038668732390e-02       1.997276167095e+04 
       3.053066227438e-02       1.989748864410e+04 
       3.067499729826e-02       1.982250649276e+04 
       3.081970136948e-02       1.974742302194e+04 
       3.096478372769e-02       1.967221196356e+04 
       3.111025388794e-02       1.959689748659e+04 
       3.125612165085e-02       1.952180608672e+04 
       3.140239711312e-02       1.944636215768e+04 
       3.154909067872e-02       1.937076276694e+04 
       3.169621307040e-02       1.929503167951e+04 
       3.184377534194e-02       1.921935694834e+04 
       3.199178889079e-02       1.914386216484e+04 
       3.214026547150e-02       1.906804070485e+04 
       3.228921720966e-02       1.899231274665e+04 
       3.243865661662e-02       1.891651445271e+04 
       3.258859660488e-02       1.884083541409e+04 
       3.273905050428e-02       1.876491565412e+04 
       3.289003207901e-02       1.868895170891e+04 
       3.304155554547e-02       1.861305810059e+04 
       3.319363559106e-02       1.853736928326e+04 
       3.334628739397e-02       1.846134636741e+04 
       3.349952664397e-02       1.838552665645e+04 
       3.365336956436e-02       1.830934683485e+04 
       3.380783293506e-02       1.823345572613e+04 
       3.396293411694e-02       1.815778134426e+04 
       3.411869107756e-02       1.808192252799e+04 
       3.427512241827e-02       1.800590980797e+04 
       3.443224740287e-02       1.792992140318e+04 
       3.459008598788e-02       1.785439842392e+04 
       3.474865885454e-02       1.777827288991e+04 
       3.490798744271e-02       1.770244592291e+04 
       3.506809398673e-02       1.762680963479e+04 
       3.522900155340e-02       1.755109320507e+04 
       3.539073408229e-02       1.747535286525e+04 
       3.555331642845e-02       1.739963323259e+04 
       3.571677440780e-02       1.732395533211e+04 
       3.588113484531e-02       1.724831616655e+04 
       3.604642562625e-02       1.717278825220e+04 
       3.621267575070e-02       1.709721990623e+04 
       3.637991539156e-02       1.702175260867e+04 
       3.654817595643e-02       1.694618010462e+04 
       3.671749015354e-02       1.687107037442e+04 
       3.688789206212e-02       1.679551405305e+04 
       3.705941720758e-02       1.672005012641e+04 
       3.723210264183e-02       1.664474611879e+04 
       3.740598702933e-02       1.656945921728e+04 
       3.758111073907e-02       1.649418080321e+04 
       3.775751594335e-02       1.641902429750e+04 
       3.793524672360e-02       1.634395173375e+04 
       3.811434918409e-02       1.626865381959e+04 
       3.829487157420e-02       1.619359450292e+04 
       3.847686441993e-02       1.611845843864e+04 
       3.866038066556e-02       1.604335153759e+04 
       3.884547582647e-02       1.596815788063e+04 
       3.903220815404e-02       1.589330519768e+04 
       3.922063881393e-02       1.581822034773e+04 
       3.941083207891e-02       1.574324802327e+04 
       3.960285553782e-02       1.566814311387e+04 
       3.979678032219e-02       1.559316847939e+04 
       3.999268135232e-02       1.551843002583e+04 
       4.019063760494e-02       1.544330893097e+04 
       4.039073240461e-02       1.536838312243e+04 
       4.059305374150e-02       1.529338348299e+04 
       4.079769461840e-02       1.521799225153e+04 
       4.100475343014e-02       1.514313461844e+04 
       4.121433437931e-02       1.506813532237e+04 
       4.142654793209e-02       1.499281860090e+04 
       4.164151131930e-02       1.491748148762e+04 
       4.185934908775e-02       1.484237905739e+04 
       4.208019370817e-02       1.476705832200e+04 
       4.230418624667e-02       1.469150547728e+04 
       4.253147710782e-02       1.461597665349e+04 
       4.276222685844e-02       1.454052328788e+04 
       4.299660714284e-02       1.446459556487e+04 
       4.323480170172e-02       1.438894201206e+04 
       4.347700750885e-02       1.431271406592e+04 
       4.372343604205e-02       1.423661235277e+04 
       4.397431470761e-02       1.416021552724e+04 
       4.422988844049e-02       1.408370659332e+04 
       4.449042150649e-02       1.400693129640e+04 
       4.475619953714e-02       1.393011506382e+04 
       4.502753183360e-02       1.385276145503e+04 
       4.530475398244e-02       1.377524785744e+04 
       4.558823083409e-02       1.369756647853e+04 
       4.587835990474e-02       1.361961864039e+04 
       4.617557527402e-02       1.354095688079e+04 
       4.648035206540e-02       1.346223680318e+04 
       4.679321161424e-02       1.338300785772e+04 
       4.711472745008e-02       1.330319827230e+04 
       4.744553224722e-02       1.322262867112e+04 
       4.778632593154e-02       1.314223618014e+04 
       4.813788517351e-02       1.306080983344e+04 
       4.850107455093e-02       1.297858476997e+04 
       4.887685973116e-02       1.289547769154e+04 
       4.926632310768e-02       1.281177598324e+04 
       4.967068243233e-02       1.272742154508e+04 
       5.009131312136e-02       1.264190651238e+04 
       5.052977508635e-02       1.255533803136e+04 
       5.098784516279e-02       1.246745726860e+04 
       5.146755649043e-02       1.237856880834e+04 
       5.197124655689e-02       1.228828221101e+04 
       5.250161606578e-02       1.219600083458e+04 
       5.306180134724e-02       1.210206209498e+04 
       5.365546370193e-02       1.200584244903e+04 
       5.428689984214e-02       1.190686679697e+04 
       5.496117840145e-02       1.180500685192e+04 
       5.568430814605e-02       1.169977022822e+04 
       5.646344362794e-02       1.159048298327e+04 
       5.730713270848e-02       1.147628116573e+04 
       5.822560593328e-02       1.135619490586e+04 
       5.923109691284e-02       1.122877966259e+04 
       6.033815993192e-02       1.109123010710e+04 
       6.156390690393e-02       1.094281723477e+04 
       6.292800905287e-02       1.077868009745e+04 
       6.445219339985e-02       1.059447404557e+04 
       6.615883525348e-02       1.038500098936e+04 
       6.806821436312e-02       1.014352109015e+04 
       7.019430709520e-02       9.861746876479e+03 
       7.253989705002e-02       9.534273739000e+03 
       7.509308961817e-02       9.157732727401e+03 
       7.782776149523e-02       8.734865274485e+03 
       8.070866994251e-02       8.275402006548e+03 
       8.369884894485e-02       7.795275573619e+03 
       8.676568482893e-02       7.312712927514e+03 
       8.988376886651e-02       6.846617017726e+03 
       9.303496255502e-02       6.412827579249e+03 
       9.620706159969e-02       6.022855350929e+03 
       9.939216643898e-02       5.683428313553e+03 
       1.025852885154e-01       5.396362250193e+03 
       1.057833257808e-01       5.159299012158e+03 
       1.089843675076e-01       4.966659119129e+03 
       1.121872435230e-01       4.810140810567e+03 
       1.153912396203e-01       4.680686307801e+03 
       1.185959207161e-01       4.568212026783e+03 
       1.218010220024e-01       4.463087490665e+03 
       1.250063823324e-01       4.357171452113e+03 
       1.282119035944e-01       4.243726285853e+03 
       1.314175259855e-01       4.118489551121e+03 
       1.346232129805e-01       3.980346387903e+03 
       1.378289422018e-01       3.830045219887e+03 
       1.410346998747e-01       3.670220278402e+03 
       1.442404774601e-01       3.505326973088e+03 
       1.474462696112e-01       3.340220956765e+03 
       1.506520729305e-01       3.180142040270e+03 
       1.538578852158e-01       3.029432791902e+03 
       1.570637050012e-01       2.891525308532e+03 
       1.602695312770e-01       2.768725504914e+03 
       1.634753633200e-01       2.661955061465e+03 
       1.666812005887e-01       2.570998944646e+03 
       1.698870426592e-01       2.494393966120e+03 
       1.730928891862e-01       2.430170441179e+03 
       1.762987398781e-01       2.375600886057e+03 
       1.795045944816e-01       2.327467138102e+03 
       1.827104527719e-01       2.283145638921e+03 
       1.859163145461e-01       2.240092194588e+03 
       1.891221796194e-01       2.195401261748e+03 
       1.923280478215e-01       2.147526609313e+03 
       1.955339189949e-01       2.095194531000e+03 
       1.987397929932e-01       2.038338189154e+03 
       2.019456696801e-01       1.977528867404e+03 
       2.051515489279e-01       1.913895304138e+03 
       2.083574306173e-01       1.849120046094e+03 
       2.115633146361e-01       1.784738251446e+03 
       2.147692008793e-01       1.722332707877e+03 
       2.179750892478e-01       1.663159145254e+03 
       2.211809796486e-01       1.608044232581e+03 
       2.243868719939e-01       1.557867741195e+03 
       2.275927662009e-01       1.512674438936e+03 
       2.307986621915e-01       1.472655889806e+03 
       2.340045598920e-01       1.437280843110e+03 
       2.372104592324e-01       1.406071833727e+03 
       2.404163601468e-01       1.378222991634e+03 
       2.436222625726e-01       1.352609368799e+03 
       2.468281664506e-01       1.328367012773e+03 
       2.500340717245e-01       1.304637289881e+03 
       2.532399783410e-01       1.280621142039e+03 
       2.564458862495e-01       1.255830310714e+03 
       2.596517954016e-01       1.229993119450e+03 
       2.628577057518e-01       1.202962799666e+03 
       2.660636172564e-01       1.174904061072e+03 
       2.692695298740e-01       1.146055909144e+03 
       2.724754435650e-01       1.116835843431e+03 
       2.756813582918e-01       1.087652960910e+03 
       2.788872740184e-01       1.058989180369e+03 
       2.820931907106e-01       1.031426871350e+03 
       2.852991083356e-01       1.005292090343e+03 
       2.885050268621e-01       9.808112336956e+02 
       2.917109462604e-01       9.581762552457e+02 
       2.949168665017e-01       9.373436159059e+02 
       2.981227875588e-01       9.182190331363e+02 
       3.013287094055e-01       9.005418059722e+02 
       3.045346320167e-01       8.840841418394e+02 
       3.077405553684e-01       8.685858616017e+02 
       3.109464794376e-01       8.537709598226e+02 
       3.141524042021e-01       8.392760684064e+02 
       3.173583296409e-01       8.249656506627e+02 
       3.205642557335e-01       8.106422371882e+02 
       3.237701824606e-01       7.960600615044e+02 
       3.269761098032e-01       7.812916255525e+02 
       3.301820377434e-01       7.662371980123e+02 
       3.333879662640e-01       7.510682787035e+02 
       3.365938953481e-01       7.358752547908e+02 
       3.397998249798e-01       7.208425521703e+02 
       3.430057551437e-01       7.060036105666e+02 
       3.462116858249e-01       6.915835221490e+02 
       3.494176170091e-01       6.776627524069e+02 
       3.526235486825e-01       6.643198532410e+02 
       3.558294808319e-01       6.516078201713e+02 
       3.590354134444e-01       6.395435787483e+02 
       3.622413465077e-01       6.281303257772e+02 
       3.654472800099e-01       6.173223187723e+02 
       3.686532139395e-01       6.070655449029e+02 
       3.718591482853e-01       5.972201643723e+02 
       3.750650830366e-01       5.877259216151e+02 
       3.782710181832e-01       5.784190078316e+02 
       3.814769537150e-01       5.693107335611e+02 
       3.846828896222e-01       5.602623511376e+02 
       3.878888258957e-01       5.513010435930e+02 
       3.910947625263e-01       5.423775496564e+02 
       3.943006995052e-01       5.334824532386e+02 
       3.975066368241e-01       5.246381631434e+02 
       4.007125744747e-01       5.158313032247e+02 
       4.039185124491e-01       5.071218207606e+02 
       4.071244507396e-01       4.985409435782e+02 
       4.103303893388e-01       4.901357563589e+02 
       4.135363282395e-01       4.819626502694e+02 
       4.167422674347e-01       4.740013836641e+02 
       4.199482069176e-01       4.662870966264e+02 
       4.231541466816e-01       4.588374564429e+02 
       4.263600867205e-01       4.516368904441e+02 
       4.295660270279e-01       4.446751957291e+02 
       4.327719675980e-01       4.379461833489e+02 
       4.359779084249e-01       4.314258856540e+02 
       4.391838495029e-01       4.250964752790e+02 
       4.423897908267e-01       4.189317057814e+02 
       4.455957323908e-01       4.128912819267e+02 
       4.488016741901e-01       4.069791501187e+02 
       4.520076162195e-01       4.011534213862e+02 
       4.552135584743e-01       3.953983333519e+02 
       4.584195009495e-01       3.897060669007e+02 
       4.616254436408e-01       3.840771001260e+02 
       4.648313865435e-01       3.785134959354e+02 
       4.680373296532e-01       3.730270026176e+02 
       4.712432729659e-01       3.676157421123e+02 
       4.744492164772e-01       3.622879461092e+02 
       4.776551601833e-01       3.570681748265e+02 
       4.808611040801e-01       3.519326120048e+02 
       4.840670481640e-01       3.469134117994e+02 
       4.872729924312e-01       3.420160282196e+02 
       4.904789368780e-01       3.372469997820e+02 
       4.936848815011e-01       3.326095391829e+02 
       4.968908262969e-01       3.280939496369e+02 
       5.000967712621e-01       3.236908521474e+02 
       5.033027163935e-01       3.193870361702e+02 
       5.065086616879e-01       3.151748260717e+02 
       5.097146071422e-01       3.110435777968e+02 
       5.129205527534e-01       3.069793052457e+02 
       5.161264985187e-01       3.029965561937e+02 
       5.193324444350e-01       2.990778685631e+02 
       5.225383904997e-01       2.952295335239e+02 
       5.257443367100e-01       2.914161293203e+02 
       5.289502830633e-01       2.876531164985e+02 
       5.321562295569e-01       2.839396417462e+02 
       5.353621761884e-01       2.802819047246e+02 
       5.385681229552e-01       2.766798560270e+02 
       5.417740698550e-01       2.731311999925e+02 
       5.449800168854e-01       2.696702257055e+02 
       5.481859640441e-01       2.662653069144e+02 
       5.513919113288e-01       2.629260486085e+02 
       5.545978587375e-01       2.596473650321e+02 
       5.578038062678e-01       2.564302288505e+02 
       5.610097539178e-01       2.532766783593e+02 
       5.642157016854e-01       2.501858980558e+02 
       5.674216495686e-01       2.471550205466e+02 
       5.706275975654e-01       2.441841893466e+02 
       5.738335456739e-01       2.412671857032e+02 
       5.770394938923e-01       2.383993377300e+02 
       5.802454422187e-01       2.355765146205e+02 
       5.834513906514e-01       2.327964080489e+02 
       5.866573391885e-01       2.300584749199e+02 
       5.898632878285e-01       2.273630870247e+02 
       5.930692365696e-01       2.247099487047e+02 
       5.962751854101e-01       2.220977193291e+02 
       5.994811343486e-01       2.195243155214e+02 
       6.026870833834e-01       2.169878721686e+02 
       6.058930325129e-01       2.144871693675e+02 
       6.090989817358e-01       2.120230316865e+02 
       6.123049310504e-01       2.095971976573e+02 
       6.155108804555e-01       2.072117286683e+02 
       6.187168299495e-01       2.048677620679e+02 
       6.219227795311e-01       2.025646744884e+02 
       6.251287291989e-01       2.003006061376e+02 
       6.283346789516e-01       1.980732019139e+02 
       6.315406287880e-01       1.958808316387e+02 
       6.347465787067e-01       1.937222449579e+02 
       6.379525287065e-01       1.915985460111e+02 
       6.411584787863e-01       1.895093178350e+02 
       6.443644289446e-01       1.874542253273e+02 
       6.475703791806e-01       1.854313761693e+02 
       6.507763294928e-01       1.834385992187e+02 
       6.539822798804e-01       1.814737248314e+02 
       6.571882303420e-01       1.795351284542e+02 
       6.603941808767e-01       1.776228480879e+02 
       6.636001314835e-01       1.757376444562e+02 
       6.668060821611e-01       1.738802806565e+02 
       6.700120329087e-01       1.720509999648e+02 
       6.732179837253e-01       1.702498262200e+02 
       6.764239346097e-01       1.684742355248e+02 
       6.796298855612e-01       1.667231823620e+02 
       6.828358365787e-01       1.649961767059e+02 
       6.860417876613e-01       1.632933552542e+02 
       6.892477388082e-01       1.616154473033e+02 
       6.924536900183e-01       1.599632886594e+02 
       6.956596412909e-01       1.583366957407e+02 
       6.988655926250e-01       1.567348595662e+02 
       7.020715440199e-01       1.551563513668e+02 
       7.052774954746e-01       1.535994378477e+02 
       7.084834469884e-01       1.520631669513e+02 
       7.116893985605e-01       1.505475476610e+02 
       7.148953501901e-01       1.490529344620e+02 
       7.181013018765e-01       1.475798577091e+02 
       7.213072536187e-01       1.461280345175e+02 
       7.245132054162e-01       1.446966055821e+02 
       7.277191572682e-01       1.432843211796e+02 
       7.309251091740e-01       1.418899950330e+02 
       7.341310611328e-01       1.405132215309e+02 
       7.373370131440e-01       1.391537291272e+02 
       7.405429652069e-01       1.378130786094e+02 
       7.437489173208e-01       1.364907846631e+02 
       7.469548694850e-01       1.351872742974e+02 
       7.501608216990e-01       1.339019755491e+02 
       7.533667739620e-01       1.326336902997e+02 
       8.234874542264e-01       1.086168861282e+02 
       9.251239612670e-01       8.340952795926e+01 
       1.086877466696e+00       5.758170099144e+01 
